x y z
-2.000 -2.000 2.088
-2.000 -1.918 2.008
-2.000 -1.837 1.924
-2.000 -1.755 1.836
-2.000 -1.673 1.743
-2.000 -1.592 1.645
-2.000 -1.510 1.541
-2.000 -1.429 1.432
-2.000 -1.347 1.319
-2.000 -1.265 1.208
-2.000 -1.184 1.115
-2.000 -1.102 1.078
-2.000 -1.020 1.083
-2.000 -0.939 1.083
-2.000 -0.857 1.074
-2.000 -0.776 1.056
-2.000 -0.694 1.029
-2.000 -0.612 0.999
-2.000 -0.531 0.972
-2.000 -0.449 0.944
-2.000 -0.367 0.915
-2.000 -0.286 0.885
-2.000 -0.204 0.855
-2.000 -0.122 0.826
-2.000 -0.041 0.797
-2.000 0.041 0.770
-2.000 0.122 0.745
-2.000 0.204 0.721
-2.000 0.286 0.700
-2.000 0.367 0.681
-2.000 0.449 0.665
-2.000 0.531 0.652
-2.000 0.612 0.644
-2.000 0.694 0.639
-2.000 0.776 0.636
-2.000 0.857 0.634
-2.000 0.939 0.633
-2.000 1.020 0.633
-2.000 1.102 0.632
-2.000 1.184 0.632
-2.000 1.265 0.632
-2.000 1.347 0.632
-2.000 1.429 0.632
-2.000 1.510 0.632
-2.000 1.592 0.632
-2.000 1.673 0.631
-2.000 1.755 0.631
-2.000 1.837 0.631
-2.000 1.918 0.631
-2.000 2.000 0.631
-1.918 -2.000 2.021
-1.918 -1.918 1.939
-1.918 -1.837 1.852
-1.918 -1.755 1.760
-1.918 -1.673 1.664
-1.918 -1.592 1.561
-1.918 -1.510 1.453
-1.918 -1.429 1.338
-1.918 -1.347 1.221
-1.918 -1.265 1.111
-1.918 -1.184 1.032
-1.918 -1.102 1.023
-1.918 -1.020 1.029
-1.918 -0.939 1.031
-1.918 -0.857 1.024
-1.918 -0.776 1.007
-1.918 -0.694 0.983
-1.918 -0.612 0.956
-1.918 -0.531 0.929
-1.918 -0.449 0.901
-1.918 -0.367 0.871
-1.918 -0.286 0.841
-1.918 -0.204 0.812
-1.918 -0.122 0.783
-1.918 -0.041 0.755
-1.918 0.041 0.729
-1.918 0.122 0.704
-1.918 0.204 0.682
-1.918 0.286 0.662
-1.918 0.367 0.644
-1.918 0.449 0.630
-1.918 0.531 0.620
-1.918 0.612 0.615
-1.918 0.694 0.611
-1.918 0.776 0.609
-1.918 0.857 0.608
-1.918 0.939 0.607
-1.918 1.020 0.607
-1.918 1.102 0.606
-1.918 1.184 0.606
-1.918 1.265 0.606
-1.918 1.347 0.606
-1.918 1.429 0.606
-1.918 1.510 0.606
-1.918 1.592 0.606
-1.918 1.673 0.606
-1.918 1.755 0.606
-1.918 1.837 0.606
-1.918 1.918 0.606
-1.918 2.000 0.605
-1.837 -2.000 1.953
-1.837 -1.918 1.868
-1.837 -1.837 1.777
-1.837 -1.755 1.682
-1.837 -1.673 1.581
-1.837 -1.592 1.473
-1.837 -1.510 1.359
-1.837 -1.429 1.239
-1.837 -1.347 1.119
-1.837 -1.265 1.012
-1.837 -1.184 0.958
-1.837 -1.102 0.966
-1.837 -1.020 0.974
-1.837 -0.939 0.978
-1.837 -0.857 0.972
-1.837 -0.776 0.958
-1.837 -0.694 0.937
-1.837 -0.612 0.913
-1.837 -0.531 0.886
-1.837 -0.449 0.857
-1.837 -0.367 0.828
-1.837 -0.286 0.798
-1.837 -0.204 0.769
-1.837 -0.122 0.741
-1.837 -0.041 0.714
-1.837 0.041 0.688
-1.837 0.122 0.664
-1.837 0.204 0.643
-1.837 0.286 0.624
-1.837 0.367 0.609
-1.837 0.449 0.597
-1.837 0.531 0.590
-1.837 0.612 0.586
-1.837 0.694 0.584
-1.837 0.776 0.582
-1.837 0.857 0.582
-1.837 0.939 0.581
-1.837 1.020 0.581
-1.837 1.102 0.580
-1.837 1.184 0.580
-1.837 1.265 0.580
-1.837 1.347 0.580
-1.837 1.429 0.580
-1.837 1.510 0.580
-1.837 1.592 0.580
-1.837 1.673 0.580
-1.837 1.755 0.580
-1.837 1.837 0.580
-1.837 1.918 0.580
-1.837 2.000 0.580
-1.755 -2.000 1.883
-1.755 -1.918 1.794
-1.755 -1.837 1.700
-1.755 -1.755 1.600
-1.755 -1.673 1.494
-1.755 -1.592 1.381
-1.755 -1.510 1.260
-1.755 -1.429 1.135
-1.755 -1.347 1.012
-1.755 -1.265 0.915
-1.755 -1.184 0.895
-1.755 -1.102 0.907
-1.755 -1.020 0.917
-1.755 -0.939 0.923
-1.755 -0.857 0.920
-1.755 -0.776 0.909
-1.755 -0.694 0.893
-1.755 -0.612 0.869
-1.755 -0.531 0.842
-1.755 -0.449 0.814
-1.755 -0.367 0.785
-1.755 -0.286 0.755
-1.755 -0.204 0.727
-1.755 -0.122 0.699
-1.755 -0.041 0.672
-1.755 0.041 0.648
-1.755 0.122 0.625
-1.755 0.204 0.605
-1.755 0.286 0.588
-1.755 0.367 0.575
-1.755 0.449 0.567
-1.755 0.531 0.562
-1.755 0.612 0.559
-1.755 0.694 0.557
-1.755 0.776 0.556
-1.755 0.857 0.555
-1.755 0.939 0.555
-1.755 1.020 0.555
-1.755 1.102 0.555
-1.755 1.184 0.554
-1.755 1.265 0.554
-1.755 1.347 0.554
-1.755 1.429 0.554
-1.755 1.510 0.554
-1.755 1.592 0.554
-1.755 1.673 0.554
-1.755 1.755 0.554
-1.755 1.837 0.554
-1.755 1.918 0.554
-1.755 2.000 0.554
-1.673 -2.000 1.810
-1.673 -1.918 1.718
-1.673 -1.837 1.620
-1.673 -1.755 1.515
-1.673 -1.673 1.403
-1.673 -1.592 1.283
-1.673 -1.510 1.155
-1.673 -1.429 1.023
-1.673 -1.347 0.900
-1.673 -1.265 0.827
-1.673 -1.184 0.834
-1.673 -1.102 0.847
-1.673 -1.020 0.859
-1.673 -0.939 0.868
-1.673 -0.857 0.869
-1.673 -0.776 0.862
-1.673 -0.694 0.849
-1.673 -0.612 0.825
-1.673 -0.531 0.798
-1.673 -0.449 0.770
-1.673 -0.367 0.741
-1.673 -0.286 0.712
-1.673 -0.204 0.684
-1.673 -0.122 0.657
-1.673 -0.041 0.631
-1.673 0.041 0.607
-1.673 0.122 0.586
-1.673 0.204 0.568
-1.673 0.286 0.553
-1.673 0.367 0.543
-1.673 0.449 0.537
-1.673 0.531 0.534
-1.673 0.612 0.532
-1.673 0.694 0.531
-1.673 0.776 0.530
-1.673 0.857 0.529
-1.673 0.939 0.529
-1.673 1.020 0.529
-1.673 1.102 0.529
-1.673 1.184 0.529
-1.673 1.265 0.528
-1.673 1.347 0.528
-1.673 1.429 0.528
-1.673 1.510 0.528
-1.673 1.592 0.528
-1.673 1.673 0.528
-1.673 1.755 0.528
-1.673 1.837 0.528
-1.673 1.918 0.528
-1.673 2.000 0.528
-1.592 -2.000 1.735
-1.592 -1.918 1.639
-1.592 -1.837 1.535
-1.592 -1.755 1.425
-1.592 -1.673 1.306
-1.592 -1.592 1.178
-1.592 -1.510 1.042
-1.592 -1.429 0.904
-1.592 -1.347 0.791
-1.592 -1.265 0.758
-1.592 -1.184 0.773
-1.592 -1.102 0.788
-1.592 -1.020 0.802
-1.592 -0.939 0.814
-1.592 -0.857 0.819
-1.592 -0.776 0.818
-1.592 -0.694 0.806
-1.592 -0.612 0.782
-1.592 -0.531 0.755
-1.592 -0.449 0.727
-1.592 -0.367 0.698
-1.592 -0.286 0.670
-1.592 -0.204 0.642
-1.592 -0.122 0.615
-1.592 -0.041 0.590
-1.592 0.041 0.568
-1.592 0.122 0.548
-1.592 0.204 0.531
-1.592 0.286 0.520
-1.592 0.367 0.513
-1.592 0.449 0.509
-1.592 0.531 0.507
-1.592 0.612 0.505
-1.592 0.694 0.504
-1.592 0.776 0.504
-1.592 0.857 0.503
-1.592 0.939 0.503
-1.592 1.020 0.503
-1.592 1.102 0.503
-1.592 1.184 0.503
-1.592 1.265 0.503
-1.592 1.347 0.503
-1.592 1.429 0.503
-1.592 1.510 0.502
-1.592 1.592 0.502
-1.592 1.673 0.502
-1.592 1.755 0.502
-1.592 1.837 0.502
-1.592 1.918 0.502
-1.592 2.000 0.502
-1.510 -2.000 1.658
-1.510 -1.918 1.556
-1.510 -1.837 1.447
-1.510 -1.755 1.330
-1.510 -1.673 1.203
-1.510 -1.592 1.065
-1.510 -1.510 0.919
-1.510 -1.429 0.780
-1.510 -1.347 0.697
-1.510 -1.265 0.698
-1.510 -1.184 0.714
-1.510 -1.102 0.730
-1.510 -1.020 0.746
-1.510 -0.939 0.762
-1.510 -0.857 0.771
-1.510 -0.776 0.774
-1.510 -0.694 0.762
-1.510 -0.612 0.738
-1.510 -0.531 0.711
-1.510 -0.449 0.683
-1.510 -0.367 0.655
-1.510 -0.286 0.627
-1.510 -0.204 0.600
-1.510 -0.122 0.574
-1.510 -0.041 0.550
-1.510 0.041 0.529
-1.510 0.122 0.511
-1.510 0.204 0.497
-1.510 0.286 0.489
-1.510 0.367 0.484
-1.510 0.449 0.481
-1.510 0.531 0.480
-1.510 0.612 0.479
-1.510 0.694 0.478
-1.510 0.776 0.478
-1.510 0.857 0.477
-1.510 0.939 0.477
-1.510 1.020 0.477
-1.510 1.102 0.477
-1.510 1.184 0.477
-1.510 1.265 0.477
-1.510 1.347 0.477
-1.510 1.429 0.477
-1.510 1.510 0.477
-1.510 1.592 0.477
-1.510 1.673 0.477
-1.510 1.755 0.477
-1.510 1.837 0.476
-1.510 1.918 0.476
-1.510 2.000 0.476
-1.429 -2.000 1.579
-1.429 -1.918 1.469
-1.429 -1.837 1.353
-1.429 -1.755 1.228
-1.429 -1.673 1.091
-1.429 -1.592 0.942
-1.429 -1.510 0.786
-1.429 -1.429 0.668
-1.429 -1.347 0.622
-1.429 -1.265 0.639
-1.429 -1.184 0.656
-1.429 -1.102 0.674
-1.429 -1.020 0.693
-1.429 -0.939 0.712
-1.429 -0.857 0.727
-1.429 -0.776 0.730
-1.429 -0.694 0.718
-1.429 -0.612 0.694
-1.429 -0.531 0.668
-1.429 -0.449 0.640
-1.429 -0.367 0.612
-1.429 -0.286 0.585
-1.429 -0.204 0.558
-1.429 -0.122 0.533
-1.429 -0.041 0.511
-1.429 0.041 0.491
-1.429 0.122 0.475
-1.429 0.204 0.466
-1.429 0.286 0.460
-1.429 0.367 0.457
-1.429 0.449 0.454
-1.429 0.531 0.453
-1.429 0.612 0.452
-1.429 0.694 0.452
-1.429 0.776 0.452
-1.429 0.857 0.451
-1.429 0.939 0.451
-1.429 1.020 0.451
-1.429 1.102 0.451
-1.429 1.184 0.451
-1.429 1.265 0.451
-1.429 1.347 0.451
-1.429 1.429 0.451
-1.429 1.510 0.451
-1.429 1.592 0.451
-1.429 1.673 0.451
-1.429 1.755 0.451
-1.429 1.837 0.451
-1.429 1.918 0.451
-1.429 2.000 0.451
-1.347 -2.000 1.500
-1.347 -1.918 1.381
-1.347 -1.837 1.254
-1.347 -1.755 1.118
-1.347 -1.673 0.969
-1.347 -1.592 0.804
-1.347 -1.510 0.659
-1.347 -1.429 0.572
-1.347 -1.347 0.563
-1.347 -1.265 0.581
-1.347 -1.184 0.599
-1.347 -1.102 0.619
-1.347 -1.020 0.641
-1.347 -0.939 0.665
-1.347 -0.857 0.683
-1.347 -0.776 0.686
-1.347 -0.694 0.674
-1.347 -0.612 0.651
-1.347 -0.531 0.624
-1.347 -0.449 0.597
-1.347 -0.367 0.569
-1.347 -0.286 0.542
-1.347 -0.204 0.517
-1.347 -0.122 0.493
-1.347 -0.041 0.472
-1.347 0.041 0.454
-1.347 0.122 0.443
-1.347 0.204 0.436
-1.347 0.286 0.432
-1.347 0.367 0.429
-1.347 0.449 0.428
-1.347 0.531 0.427
-1.347 0.612 0.426
-1.347 0.694 0.426
-1.347 0.776 0.426
-1.347 0.857 0.426
-1.347 0.939 0.425
-1.347 1.020 0.425
-1.347 1.102 0.425
-1.347 1.184 0.425
-1.347 1.265 0.425
-1.347 1.347 0.425
-1.347 1.429 0.425
-1.347 1.510 0.425
-1.347 1.592 0.425
-1.347 1.673 0.425
-1.347 1.755 0.425
-1.347 1.837 0.425
-1.347 1.918 0.425
-1.347 2.000 0.425
-1.265 -2.000 1.418
-1.265 -1.918 1.290
-1.265 -1.837 1.150
-1.265 -1.755 0.999
-1.265 -1.673 0.832
-1.265 -1.592 0.666
-1.265 -1.510 0.547
-1.265 -1.429 0.495
-1.265 -1.347 0.507
-1.265 -1.265 0.525
-1.265 -1.184 0.545
-1.265 -1.102 0.567
-1.265 -1.020 0.592
-1.265 -0.939 0.621
-1.265 -0.857 0.639
-1.265 -0.776 0.642
-1.265 -0.694 0.631
-1.265 -0.612 0.607
-1.265 -0.531 0.581
-1.265 -0.449 0.554
-1.265 -0.367 0.527
-1.265 -0.286 0.500
-1.265 -0.204 0.475
-1.265 -0.122 0.453
-1.265 -0.041 0.434
-1.265 0.041 0.420
-1.265 0.122 0.412
-1.265 0.204 0.407
-1.265 0.286 0.404
-1.265 0.367 0.402
-1.265 0.449 0.401
-1.265 0.531 0.401
-1.265 0.612 0.400
-1.265 0.694 0.400
-1.265 0.776 0.400
-1.265 0.857 0.400
-1.265 0.939 0.400
-1.265 1.020 0.400
-1.265 1.102 0.399
-1.265 1.184 0.399
-1.265 1.265 0.399
-1.265 1.347 0.399
-1.265 1.429 0.399
-1.265 1.510 0.399
-1.265 1.592 0.399
-1.265 1.673 0.399
-1.265 1.755 0.399
-1.265 1.837 0.399
-1.265 1.918 0.399
-1.265 2.000 0.399
-1.184 -2.000 1.334
-1.184 -1.918 1.195
-1.184 -1.837 1.040
-1.184 -1.755 0.868
-1.184 -1.673 0.685
-1.184 -1.592 0.541
-1.184 -1.510 0.454
-1.184 -1.429 0.437
-1.184 -1.347 0.453
-1.184 -1.265 0.471
-1.184 -1.184 0.492
-1.184 -1.102 0.516
-1.184 -1.020 0.546
-1.184 -0.939 0.577
-1.184 -0.857 0.595
-1.184 -0.776 0.599
-1.184 -0.694 0.587
-1.184 -0.612 0.563
-1.184 -0.531 0.537
-1.184 -0.449 0.511
-1.184 -0.367 0.484
-1.184 -0.286 0.459
-1.184 -0.204 0.435
-1.184 -0.122 0.414
-1.184 -0.041 0.398
-1.184 0.041 0.389
-1.184 0.122 0.383
-1.184 0.204 0.379
-1.184 0.286 0.377
-1.184 0.367 0.376
-1.184 0.449 0.375
-1.184 0.531 0.375
-1.184 0.612 0.374
-1.184 0.694 0.374
-1.184 0.776 0.374
-1.184 0.857 0.374
-1.184 0.939 0.374
-1.184 1.020 0.374
-1.184 1.102 0.374
-1.184 1.184 0.374
-1.184 1.265 0.374
-1.184 1.347 0.374
-1.184 1.429 0.373
-1.184 1.510 0.373
-1.184 1.592 0.373
-1.184 1.673 0.373
-1.184 1.755 0.373
-1.184 1.837 0.373
-1.184 1.918 0.373
-1.184 2.000 0.373
-1.102 -2.000 1.246
-1.102 -1.918 1.095
-1.102 -1.837 0.923
-1.102 -1.755 0.726
-1.102 -1.673 0.550
-1.102 -1.592 0.432
-1.102 -1.510 0.382
-1.102 -1.429 0.387
-1.102 -1.347 0.402
-1.102 -1.265 0.420
-1.102 -1.184 0.442
-1.102 -1.102 0.468
-1.102 -1.020 0.502
-1.102 -0.939 0.533
-1.102 -0.857 0.552
-1.102 -0.776 0.555
-1.102 -0.694 0.543
-1.102 -0.612 0.520
-1.102 -0.531 0.494
-1.102 -0.449 0.468
-1.102 -0.367 0.442
-1.102 -0.286 0.417
-1.102 -0.204 0.395
-1.102 -0.122 0.377
-1.102 -0.041 0.366
-1.102 0.041 0.359
-1.102 0.122 0.354
-1.102 0.204 0.352
-1.102 0.286 0.350
-1.102 0.367 0.350
-1.102 0.449 0.349
-1.102 0.531 0.349
-1.102 0.612 0.348
-1.102 0.694 0.348
-1.102 0.776 0.348
-1.102 0.857 0.348
-1.102 0.939 0.348
-1.102 1.020 0.348
-1.102 1.102 0.348
-1.102 1.184 0.348
-1.102 1.265 0.348
-1.102 1.347 0.348
-1.102 1.429 0.348
-1.102 1.510 0.348
-1.102 1.592 0.348
-1.102 1.673 0.348
-1.102 1.755 0.347
-1.102 1.837 0.347
-1.102 1.918 0.347
-1.102 2.000 0.347
-1.020 -2.000 1.155
-1.020 -1.918 0.989
-1.020 -1.837 0.794
-1.020 -1.755 0.590
-1.020 -1.673 0.434
-1.020 -1.592 0.350
-1.020 -1.510 0.333
-1.020 -1.429 0.342
-1.020 -1.347 0.355
-1.020 -1.265 0.372
-1.020 -1.184 0.394
-1.020 -1.102 0.423
-1.020 -1.020 0.458
-1.020 -0.939 0.490
-1.020 -0.857 0.508
-1.020 -0.776 0.511
-1.020 -0.694 0.499
-1.020 -0.612 0.476
-1.020 -0.531 0.451
-1.020 -0.449 0.425
-1.020 -0.367 0.400
-1.020 -0.286 0.377
-1.020 -0.204 0.356
-1.020 -0.122 0.343
-1.020 -0.041 0.335
-1.020 0.041 0.330
-1.020 0.122 0.327
-1.020 0.204 0.325
-1.020 0.286 0.324
-1.020 0.367 0.323
-1.020 0.449 0.323
-1.020 0.531 0.323
-1.020 0.612 0.323
-1.020 0.694 0.322
-1.020 0.776 0.322
-1.020 0.857 0.322
-1.020 0.939 0.322
-1.020 1.020 0.322
-1.020 1.102 0.322
-1.020 1.184 0.322
-1.020 1.265 0.322
-1.020 1.347 0.322
-1.020 1.429 0.322
-1.020 1.510 0.322
-1.020 1.592 0.322
-1.020 1.673 0.322
-1.020 1.755 0.322
-1.020 1.837 0.322
-1.020 1.918 0.322
-1.020 2.000 0.321
-0.939 -2.000 1.058
-0.939 -1.918 0.874
-0.939 -1.837 0.658
-0.939 -1.755 0.467
-0.939 -1.673 0.341
-0.939 -1.592 0.300
-0.939 -1.510 0.299
-0.939 -1.429 0.303
-0.939 -1.347 0.312
-0.939 -1.265 0.327
-0.939 -1.184 0.349
-0.939 -1.102 0.380
-0.939 -1.020 0.415
-0.939 -0.939 0.446
-0.939 -0.857 0.464
-0.939 -0.776 0.467
-0.939 -0.694 0.456
-0.939 -0.612 0.433
-0.939 -0.531 0.408
-0.939 -0.449 0.383
-0.939 -0.367 0.358
-0.939 -0.286 0.337
-0.939 -0.204 0.321
-0.939 -0.122 0.311
-0.939 -0.041 0.305
-0.939 0.041 0.302
-0.939 0.122 0.300
-0.939 0.204 0.299
-0.939 0.286 0.298
-0.939 0.367 0.297
-0.939 0.449 0.297
-0.939 0.531 0.297
-0.939 0.612 0.297
-0.939 0.694 0.297
-0.939 0.776 0.296
-0.939 0.857 0.296
-0.939 0.939 0.296
-0.939 1.020 0.296
-0.939 1.102 0.296
-0.939 1.184 0.296
-0.939 1.265 0.296
-0.939 1.347 0.296
-0.939 1.429 0.296
-0.939 1.510 0.296
-0.939 1.592 0.296
-0.939 1.673 0.296
-0.939 1.755 0.296
-0.939 1.837 0.296
-0.939 1.918 0.296
-0.939 2.000 0.296
-0.857 -2.000 0.955
-0.857 -1.918 0.747
-0.857 -1.837 0.530
-0.857 -1.755 0.360
-0.857 -1.673 0.279
-0.857 -1.592 0.272
-0.857 -1.510 0.272
-0.857 -1.429 0.272
-0.857 -1.347 0.275
-0.857 -1.265 0.286
-0.857 -1.184 0.307
-0.857 -1.102 0.338
-0.857 -1.020 0.372
-0.857 -0.939 0.402
-0.857 -0.857 0.420
-0.857 -0.776 0.424
-0.857 -0.694 0.412
-0.857 -0.612 0.389
-0.857 -0.531 0.365
-0.857 -0.449 0.340
-0.857 -0.367 0.318
-0.857 -0.286 0.300
-0.857 -0.204 0.288
-0.857 -0.122 0.281
-0.857 -0.041 0.277
-0.857 0.041 0.275
-0.857 0.122 0.273
-0.857 0.204 0.272
-0.857 0.286 0.272
-0.857 0.367 0.271
-0.857 0.449 0.271
-0.857 0.531 0.271
-0.857 0.612 0.271
-0.857 0.694 0.271
-0.857 0.776 0.271
-0.857 0.857 0.271
-0.857 0.939 0.271
-0.857 1.020 0.270
-0.857 1.102 0.270
-0.857 1.184 0.270
-0.857 1.265 0.270
-0.857 1.347 0.270
-0.857 1.429 0.270
-0.857 1.510 0.270
-0.857 1.592 0.270
-0.857 1.673 0.270
-0.857 1.755 0.270
-0.857 1.837 0.270
-0.857 1.918 0.270
-0.857 2.000 0.270
-0.776 -2.000 0.843
-0.776 -1.918 0.616
-0.776 -1.837 0.412
-0.776 -1.755 0.276
-0.776 -1.673 0.246
-0.776 -1.592 0.246
-0.776 -1.510 0.246
-0.776 -1.429 0.246
-0.776 -1.347 0.246
-0.776 -1.265 0.251
-0.776 -1.184 0.268
-0.776 -1.102 0.297
-0.776 -1.020 0.329
-0.776 -0.939 0.359
-0.776 -0.857 0.377
-0.776 -0.776 0.380
-0.776 -0.694 0.369
-0.776 -0.612 0.346
-0.776 -0.531 0.322
-0.776 -0.449 0.299
-0.776 -0.367 0.279
-0.776 -0.286 0.265
-0.776 -0.204 0.257
-0.776 -0.122 0.252
-0.776 -0.041 0.249
-0.776 0.041 0.248
-0.776 0.122 0.247
-0.776 0.204 0.246
-0.776 0.286 0.246
-0.776 0.367 0.245
-0.776 0.449 0.245
-0.776 0.531 0.245
-0.776 0.612 0.245
-0.776 0.694 0.245
-0.776 0.776 0.245
-0.776 0.857 0.245
-0.776 0.939 0.245
-0.776 1.020 0.245
-0.776 1.102 0.245
-0.776 1.184 0.245
-0.776 1.265 0.244
-0.776 1.347 0.244
-0.776 1.429 0.244
-0.776 1.510 0.244
-0.776 1.592 0.244
-0.776 1.673 0.244
-0.776 1.755 0.244
-0.776 1.837 0.244
-0.776 1.918 0.244
-0.776 2.000 0.244
-0.694 -2.000 0.718
-0.694 -1.918 0.492
-0.694 -1.837 0.308
-0.694 -1.755 0.222
-0.694 -1.673 0.220
-0.694 -1.592 0.220
-0.694 -1.510 0.220
-0.694 -1.429 0.220
-0.694 -1.347 0.220
-0.694 -1.265 0.220
-0.694 -1.184 0.232
-0.694 -1.102 0.256
-0.694 -1.020 0.286
-0.694 -0.939 0.315
-0.694 -0.857 0.333
-0.694 -0.776 0.336
-0.694 -0.694 0.325
-0.694 -0.612 0.303
-0.694 -0.531 0.280
-0.694 -0.449 0.258
-0.694 -0.367 0.243
-0.694 -0.286 0.234
-0.694 -0.204 0.228
-0.694 -0.122 0.224
-0.694 -0.041 0.222
-0.694 0.041 0.221
-0.694 0.122 0.220
-0.694 0.204 0.220
-0.694 0.286 0.220
-0.694 0.367 0.219
-0.694 0.449 0.219
-0.694 0.531 0.219
-0.694 0.612 0.219
-0.694 0.694 0.219
-0.694 0.776 0.219
-0.694 0.857 0.219
-0.694 0.939 0.219
-0.694 1.020 0.219
-0.694 1.102 0.219
-0.694 1.184 0.219
-0.694 1.265 0.219
-0.694 1.347 0.219
-0.694 1.429 0.219
-0.694 1.510 0.219
-0.694 1.592 0.218
-0.694 1.673 0.218
-0.694 1.755 0.218
-0.694 1.837 0.218
-0.694 1.918 0.218
-0.694 2.000 0.218
-0.612 -2.000 0.591
-0.612 -1.918 0.377
-0.612 -1.837 0.225
-0.612 -1.755 0.195
-0.612 -1.673 0.195
-0.612 -1.592 0.195
-0.612 -1.510 0.195
-0.612 -1.429 0.194
-0.612 -1.347 0.194
-0.612 -1.265 0.194
-0.612 -1.184 0.198
-0.612 -1.102 0.216
-0.612 -1.020 0.244
-0.612 -0.939 0.272
-0.612 -0.857 0.289
-0.612 -0.776 0.292
-0.612 -0.694 0.281
-0.612 -0.612 0.260
-0.612 -0.531 0.238
-0.612 -0.449 0.221
-0.612 -0.367 0.210
-0.612 -0.286 0.204
-0.612 -0.204 0.200
-0.612 -0.122 0.197
-0.612 -0.041 0.196
-0.612 0.041 0.195
-0.612 0.122 0.194
-0.612 0.204 0.194
-0.612 0.286 0.194
-0.612 0.367 0.194
-0.612 0.449 0.193
-0.612 0.531 0.193
-0.612 0.612 0.193
-0.612 0.694 0.193
-0.612 0.776 0.193
-0.612 0.857 0.193
-0.612 0.939 0.193
-0.612 1.020 0.193
-0.612 1.102 0.193
-0.612 1.184 0.193
-0.612 1.265 0.193
-0.612 1.347 0.193
-0.612 1.429 0.193
-0.612 1.510 0.193
-0.612 1.592 0.193
-0.612 1.673 0.193
-0.612 1.755 0.193
-0.612 1.837 0.193
-0.612 1.918 0.192
-0.612 2.000 0.192
-0.531 -2.000 0.470
-0.531 -1.918 0.273
-0.531 -1.837 0.171
-0.531 -1.755 0.169
-0.531 -1.673 0.169
-0.531 -1.592 0.169
-0.531 -1.510 0.169
-0.531 -1.429 0.169
-0.531 -1.347 0.169
-0.531 -1.265 0.169
-0.531 -1.184 0.169
-0.531 -1.102 0.179
-0.531 -1.020 0.202
-0.531 -0.939 0.229
-0.531 -0.857 0.246
-0.531 -0.776 0.249
-0.531 -0.694 0.238
-0.531 -0.612 0.217
-0.531 -0.531 0.199
-0.531 -0.449 0.187
-0.531 -0.367 0.179
-0.531 -0.286 0.175
-0.531 -0.204 0.172
-0.531 -0.122 0.170
-0.531 -0.041 0.169
-0.531 0.041 0.169
-0.531 0.122 0.168
-0.531 0.204 0.168
-0.531 0.286 0.168
-0.531 0.367 0.168
-0.531 0.449 0.168
-0.531 0.531 0.168
-0.531 0.612 0.167
-0.531 0.694 0.167
-0.531 0.776 0.167
-0.531 0.857 0.167
-0.531 0.939 0.167
-0.531 1.020 0.167
-0.531 1.102 0.167
-0.531 1.184 0.167
-0.531 1.265 0.167
-0.531 1.347 0.167
-0.531 1.429 0.167
-0.531 1.510 0.167
-0.531 1.592 0.167
-0.531 1.673 0.167
-0.531 1.755 0.167
-0.531 1.837 0.167
-0.531 1.918 0.167
-0.531 2.000 0.167
-0.449 -2.000 0.357
-0.449 -1.918 0.185
-0.449 -1.837 0.143
-0.449 -1.755 0.143
-0.449 -1.673 0.143
-0.449 -1.592 0.143
-0.449 -1.510 0.143
-0.449 -1.429 0.143
-0.449 -1.347 0.143
-0.449 -1.265 0.143
-0.449 -1.184 0.143
-0.449 -1.102 0.145
-0.449 -1.020 0.162
-0.449 -0.939 0.186
-0.449 -0.857 0.202
-0.449 -0.776 0.205
-0.449 -0.694 0.195
-0.449 -0.612 0.176
-0.449 -0.531 0.163
-0.449 -0.449 0.155
-0.449 -0.367 0.150
-0.449 -0.286 0.147
-0.449 -0.204 0.145
-0.449 -0.122 0.144
-0.449 -0.041 0.143
-0.449 0.041 0.143
-0.449 0.122 0.142
-0.449 0.204 0.142
-0.449 0.286 0.142
-0.449 0.367 0.142
-0.449 0.449 0.142
-0.449 0.531 0.142
-0.449 0.612 0.142
-0.449 0.694 0.142
-0.449 0.776 0.142
-0.449 0.857 0.141
-0.449 0.939 0.141
-0.449 1.020 0.141
-0.449 1.102 0.141
-0.449 1.184 0.141
-0.449 1.265 0.141
-0.449 1.347 0.141
-0.449 1.429 0.141
-0.449 1.510 0.141
-0.449 1.592 0.141
-0.449 1.673 0.141
-0.449 1.755 0.141
-0.449 1.837 0.141
-0.449 1.918 0.141
-0.449 2.000 0.141
-0.367 -2.000 0.253
-0.367 -1.918 0.123
-0.367 -1.837 0.117
-0.367 -1.755 0.117
-0.367 -1.673 0.117
-0.367 -1.592 0.117
-0.367 -1.510 0.117
-0.367 -1.429 0.117
-0.367 -1.347 0.117
-0.367 -1.265 0.117
-0.367 -1.184 0.117
-0.367 -1.102 0.117
-0.367 -1.020 0.124
-0.367 -0.939 0.144
-0.367 -0.857 0.159
-0.367 -0.776 0.162
-0.367 -0.694 0.152
-0.367 -0.612 0.139
-0.367 -0.531 0.130
-0.367 -0.449 0.125
-0.367 -0.367 0.121
-0.367 -0.286 0.119
-0.367 -0.204 0.118
-0.367 -0.122 0.117
-0.367 -0.041 0.117
-0.367 0.041 0.117
-0.367 0.122 0.116
-0.367 0.204 0.116
-0.367 0.286 0.116
-0.367 0.367 0.116
-0.367 0.449 0.116
-0.367 0.531 0.116
-0.367 0.612 0.116
-0.367 0.694 0.116
-0.367 0.776 0.116
-0.367 0.857 0.116
-0.367 0.939 0.116
-0.367 1.020 0.116
-0.367 1.102 0.116
-0.367 1.184 0.115
-0.367 1.265 0.115
-0.367 1.347 0.115
-0.367 1.429 0.115
-0.367 1.510 0.115
-0.367 1.592 0.115
-0.367 1.673 0.115
-0.367 1.755 0.115
-0.367 1.837 0.115
-0.367 1.918 0.115
-0.367 2.000 0.115
-0.286 -2.000 0.162
-0.286 -1.918 0.091
-0.286 -1.837 0.091
-0.286 -1.755 0.091
-0.286 -1.673 0.091
-0.286 -1.592 0.091
-0.286 -1.510 0.091
-0.286 -1.429 0.091
-0.286 -1.347 0.091
-0.286 -1.265 0.091
-0.286 -1.184 0.091
-0.286 -1.102 0.091
-0.286 -1.020 0.093
-0.286 -0.939 0.103
-0.286 -0.857 0.116
-0.286 -0.776 0.119
-0.286 -0.694 0.113
-0.286 -0.612 0.105
-0.286 -0.531 0.099
-0.286 -0.449 0.096
-0.286 -0.367 0.094
-0.286 -0.286 0.092
-0.286 -0.204 0.092
-0.286 -0.122 0.091
-0.286 -0.041 0.091
-0.286 0.041 0.091
-0.286 0.122 0.090
-0.286 0.204 0.090
-0.286 0.286 0.090
-0.286 0.367 0.090
-0.286 0.449 0.090
-0.286 0.531 0.090
-0.286 0.612 0.090
-0.286 0.694 0.090
-0.286 0.776 0.090
-0.286 0.857 0.090
-0.286 0.939 0.090
-0.286 1.020 0.090
-0.286 1.102 0.090
-0.286 1.184 0.090
-0.286 1.265 0.090
-0.286 1.347 0.090
-0.286 1.429 0.090
-0.286 1.510 0.089
-0.286 1.592 0.089
-0.286 1.673 0.089
-0.286 1.755 0.089
-0.286 1.837 0.089
-0.286 1.918 0.089
-0.286 2.000 0.089
-0.204 -2.000 0.090
-0.204 -1.918 0.066
-0.204 -1.837 0.066
-0.204 -1.755 0.066
-0.204 -1.673 0.066
-0.204 -1.592 0.065
-0.204 -1.510 0.065
-0.204 -1.429 0.065
-0.204 -1.347 0.065
-0.204 -1.265 0.065
-0.204 -1.184 0.065
-0.204 -1.102 0.065
-0.204 -1.020 0.065
-0.204 -0.939 0.069
-0.204 -0.857 0.075
-0.204 -0.776 0.079
-0.204 -0.694 0.078
-0.204 -0.612 0.073
-0.204 -0.531 0.070
-0.204 -0.449 0.068
-0.204 -0.367 0.067
-0.204 -0.286 0.066
-0.204 -0.204 0.065
-0.204 -0.122 0.065
-0.204 -0.041 0.065
-0.204 0.041 0.065
-0.204 0.122 0.065
-0.204 0.204 0.064
-0.204 0.286 0.064
-0.204 0.367 0.064
-0.204 0.449 0.064
-0.204 0.531 0.064
-0.204 0.612 0.064
-0.204 0.694 0.064
-0.204 0.776 0.064
-0.204 0.857 0.064
-0.204 0.939 0.064
-0.204 1.020 0.064
-0.204 1.102 0.064
-0.204 1.184 0.064
-0.204 1.265 0.064
-0.204 1.347 0.064
-0.204 1.429 0.064
-0.204 1.510 0.064
-0.204 1.592 0.064
-0.204 1.673 0.064
-0.204 1.755 0.063
-0.204 1.837 0.063
-0.204 1.918 0.063
-0.204 2.000 0.063
-0.122 -2.000 0.041
-0.122 -1.918 0.040
-0.122 -1.837 0.040
-0.122 -1.755 0.040
-0.122 -1.673 0.040
-0.122 -1.592 0.040
-0.122 -1.510 0.040
-0.122 -1.429 0.040
-0.122 -1.347 0.040
-0.122 -1.265 0.039
-0.122 -1.184 0.039
-0.122 -1.102 0.039
-0.122 -1.020 0.039
-0.122 -0.939 0.040
-0.122 -0.857 0.041
-0.122 -0.776 0.043
-0.122 -0.694 0.045
-0.122 -0.612 0.043
-0.122 -0.531 0.042
-0.122 -0.449 0.040
-0.122 -0.367 0.040
-0.122 -0.286 0.039
-0.122 -0.204 0.039
-0.122 -0.122 0.039
-0.122 -0.041 0.039
-0.122 0.041 0.039
-0.122 0.122 0.039
-0.122 0.204 0.039
-0.122 0.286 0.039
-0.122 0.367 0.039
-0.122 0.449 0.038
-0.122 0.531 0.038
-0.122 0.612 0.038
-0.122 0.694 0.038
-0.122 0.776 0.038
-0.122 0.857 0.038
-0.122 0.939 0.038
-0.122 1.020 0.038
-0.122 1.102 0.038
-0.122 1.184 0.038
-0.122 1.265 0.038
-0.122 1.347 0.038
-0.122 1.429 0.038
-0.122 1.510 0.038
-0.122 1.592 0.038
-0.122 1.673 0.038
-0.122 1.755 0.038
-0.122 1.837 0.038
-0.122 1.918 0.038
-0.122 2.000 0.038
-0.041 -2.000 0.014
-0.041 -1.918 0.014
-0.041 -1.837 0.014
-0.041 -1.755 0.014
-0.041 -1.673 0.014
-0.041 -1.592 0.014
-0.041 -1.510 0.014
-0.041 -1.429 0.014
-0.041 -1.347 0.014
-0.041 -1.265 0.014
-0.041 -1.184 0.014
-0.041 -1.102 0.014
-0.041 -1.020 0.014
-0.041 -0.939 0.013
-0.041 -0.857 0.013
-0.041 -0.776 0.014
-0.041 -0.694 0.015
-0.041 -0.612 0.014
-0.041 -0.531 0.014
-0.041 -0.449 0.014
-0.041 -0.367 0.013
-0.041 -0.286 0.013
-0.041 -0.204 0.013
-0.041 -0.122 0.013
-0.041 -0.041 0.013
-0.041 0.041 0.013
-0.041 0.122 0.013
-0.041 0.204 0.013
-0.041 0.286 0.013
-0.041 0.367 0.013
-0.041 0.449 0.013
-0.041 0.531 0.013
-0.041 0.612 0.013
-0.041 0.694 0.012
-0.041 0.776 0.012
-0.041 0.857 0.012
-0.041 0.939 0.012
-0.041 1.020 0.012
-0.041 1.102 0.012
-0.041 1.184 0.012
-0.041 1.265 0.012
-0.041 1.347 0.012
-0.041 1.429 0.012
-0.041 1.510 0.012
-0.041 1.592 0.012
-0.041 1.673 0.012
-0.041 1.755 0.012
-0.041 1.837 0.012
-0.041 1.918 0.012
-0.041 2.000 0.012
0.041 -2.000 0.022
0.041 -1.918 0.020
0.041 -1.837 0.020
0.041 -1.755 0.019
0.041 -1.673 0.019
0.041 -1.592 0.018
0.041 -1.510 0.018
0.041 -1.429 0.017
0.041 -1.347 0.016
0.041 -1.265 0.016
0.041 -1.184 0.015
0.041 -1.102 0.014
0.041 -1.020 0.013
0.041 -0.939 0.013
0.041 -0.857 0.013
0.041 -0.776 0.012
0.041 -0.694 0.012
0.041 -0.612 0.013
0.041 -0.531 0.013
0.041 -0.449 0.013
0.041 -0.367 0.013
0.041 -0.286 0.013
0.041 -0.204 0.013
0.041 -0.122 0.013
0.041 -0.041 0.013
0.041 0.041 0.013
0.041 0.122 0.013
0.041 0.204 0.013
0.041 0.286 0.013
0.041 0.367 0.013
0.041 0.449 0.013
0.041 0.531 0.013
0.041 0.612 0.013
0.041 0.694 0.013
0.041 0.776 0.013
0.041 0.857 0.013
0.041 0.939 0.013
0.041 1.020 0.014
0.041 1.102 0.014
0.041 1.184 0.014
0.041 1.265 0.014
0.041 1.347 0.014
0.041 1.429 0.014
0.041 1.510 0.014
0.041 1.592 0.014
0.041 1.673 0.014
0.041 1.755 0.014
0.041 1.837 0.014
0.041 1.918 0.014
0.041 2.000 0.014
0.122 -2.000 0.089
0.122 -1.918 0.064
0.122 -1.837 0.063
0.122 -1.755 0.062
0.122 -1.673 0.060
0.122 -1.592 0.059
0.122 -1.510 0.057
0.122 -1.429 0.055
0.122 -1.347 0.053
0.122 -1.265 0.050
0.122 -1.184 0.047
0.122 -1.102 0.044
0.122 -1.020 0.041
0.122 -0.939 0.041
0.122 -0.857 0.041
0.122 -0.776 0.039
0.122 -0.694 0.038
0.122 -0.612 0.038
0.122 -0.531 0.038
0.122 -0.449 0.038
0.122 -0.367 0.039
0.122 -0.286 0.039
0.122 -0.204 0.039
0.122 -0.122 0.039
0.122 -0.041 0.039
0.122 0.041 0.039
0.122 0.122 0.039
0.122 0.204 0.039
0.122 0.286 0.039
0.122 0.367 0.039
0.122 0.449 0.039
0.122 0.531 0.039
0.122 0.612 0.039
0.122 0.694 0.039
0.122 0.776 0.039
0.122 0.857 0.039
0.122 0.939 0.039
0.122 1.020 0.039
0.122 1.102 0.039
0.122 1.184 0.039
0.122 1.265 0.039
0.122 1.347 0.040
0.122 1.429 0.040
0.122 1.510 0.040
0.122 1.592 0.040
0.122 1.673 0.040
0.122 1.755 0.040
0.122 1.837 0.040
0.122 1.918 0.040
0.122 2.000 0.040
0.204 -2.000 0.176
0.204 -1.918 0.111
0.204 -1.837 0.106
0.204 -1.755 0.105
0.204 -1.673 0.103
0.204 -1.592 0.100
0.204 -1.510 0.098
0.204 -1.429 0.094
0.204 -1.347 0.090
0.204 -1.265 0.086
0.204 -1.184 0.081
0.204 -1.102 0.075
0.204 -1.020 0.073
0.204 -0.939 0.074
0.204 -0.857 0.073
0.204 -0.776 0.069
0.204 -0.694 0.065
0.204 -0.612 0.064
0.204 -0.531 0.064
0.204 -0.449 0.064
0.204 -0.367 0.064
0.204 -0.286 0.064
0.204 -0.204 0.064
0.204 -0.122 0.064
0.204 -0.041 0.065
0.204 0.041 0.065
0.204 0.122 0.065
0.204 0.204 0.065
0.204 0.286 0.065
0.204 0.367 0.065
0.204 0.449 0.065
0.204 0.531 0.065
0.204 0.612 0.065
0.204 0.694 0.065
0.204 0.776 0.065
0.204 0.857 0.065
0.204 0.939 0.065
0.204 1.020 0.065
0.204 1.102 0.065
0.204 1.184 0.065
0.204 1.265 0.065
0.204 1.347 0.065
0.204 1.429 0.065
0.204 1.510 0.065
0.204 1.592 0.065
0.204 1.673 0.066
0.204 1.755 0.066
0.204 1.837 0.066
0.204 1.918 0.066
0.204 2.000 0.066
0.286 -2.000 0.280
0.286 -1.918 0.176
0.286 -1.837 0.151
0.286 -1.755 0.148
0.286 -1.673 0.146
0.286 -1.592 0.143
0.286 -1.510 0.139
0.286 -1.429 0.134
0.286 -1.347 0.129
0.286 -1.265 0.123
0.286 -1.184 0.116
0.286 -1.102 0.110
0.286 -1.020 0.109
0.286 -0.939 0.112
0.286 -0.857 0.110
0.286 -0.776 0.104
0.286 -0.694 0.096
0.286 -0.612 0.090
0.286 -0.531 0.090
0.286 -0.449 0.090
0.286 -0.367 0.090
0.286 -0.286 0.090
0.286 -0.204 0.090
0.286 -0.122 0.090
0.286 -0.041 0.090
0.286 0.041 0.090
0.286 0.122 0.090
0.286 0.204 0.090
0.286 0.286 0.091
0.286 0.367 0.091
0.286 0.449 0.091
0.286 0.531 0.091
0.286 0.612 0.091
0.286 0.694 0.091
0.286 0.776 0.091
0.286 0.857 0.091
0.286 0.939 0.091
0.286 1.020 0.091
0.286 1.102 0.091
0.286 1.184 0.091
0.286 1.265 0.091
0.286 1.347 0.091
0.286 1.429 0.091
0.286 1.510 0.091
0.286 1.592 0.091
0.286 1.673 0.091
0.286 1.755 0.091
0.286 1.837 0.091
0.286 1.918 0.091
0.286 2.000 0.092
0.367 -2.000 0.399
0.367 -1.918 0.261
0.367 -1.837 0.198
0.367 -1.755 0.192
0.367 -1.673 0.189
0.367 -1.592 0.185
0.367 -1.510 0.181
0.367 -1.429 0.175
0.367 -1.347 0.169
0.367 -1.265 0.162
0.367 -1.184 0.153
0.367 -1.102 0.149
0.367 -1.020 0.150
0.367 -0.939 0.154
0.367 -0.857 0.152
0.367 -0.776 0.143
0.367 -0.694 0.131
0.367 -0.612 0.120
0.367 -0.531 0.116
0.367 -0.449 0.116
0.367 -0.367 0.116
0.367 -0.286 0.116
0.367 -0.204 0.116
0.367 -0.122 0.116
0.367 -0.041 0.116
0.367 0.041 0.116
0.367 0.122 0.116
0.367 0.204 0.116
0.367 0.286 0.116
0.367 0.367 0.116
0.367 0.449 0.116
0.367 0.531 0.116
0.367 0.612 0.117
0.367 0.694 0.117
0.367 0.776 0.117
0.367 0.857 0.117
0.367 0.939 0.117
0.367 1.020 0.117
0.367 1.102 0.117
0.367 1.184 0.117
0.367 1.265 0.117
0.367 1.347 0.117
0.367 1.429 0.117
0.367 1.510 0.117
0.367 1.592 0.117
0.367 1.673 0.117
0.367 1.755 0.117
0.367 1.837 0.117
0.367 1.918 0.117
0.367 2.000 0.117
0.449 -2.000 0.531
0.449 -1.918 0.363
0.449 -1.837 0.262
0.449 -1.755 0.237
0.449 -1.673 0.233
0.449 -1.592 0.229
0.449 -1.510 0.224
0.449 -1.429 0.217
0.449 -1.347 0.210
0.449 -1.265 0.201
0.449 -1.184 0.194
0.449 -1.102 0.193
0.449 -1.020 0.196
0.449 -0.939 0.200
0.449 -0.857 0.197
0.449 -0.776 0.187
0.449 -0.694 0.170
0.449 -0.612 0.154
0.449 -0.531 0.145
0.449 -0.449 0.142
0.449 -0.367 0.142
0.449 -0.286 0.142
0.449 -0.204 0.142
0.449 -0.122 0.142
0.449 -0.041 0.142
0.449 0.041 0.142
0.449 0.122 0.142
0.449 0.204 0.142
0.449 0.286 0.142
0.449 0.367 0.142
0.449 0.449 0.142
0.449 0.531 0.142
0.449 0.612 0.142
0.449 0.694 0.142
0.449 0.776 0.142
0.449 0.857 0.142
0.449 0.939 0.143
0.449 1.020 0.143
0.449 1.102 0.143
0.449 1.184 0.143
0.449 1.265 0.143
0.449 1.347 0.143
0.449 1.429 0.143
0.449 1.510 0.143
0.449 1.592 0.143
0.449 1.673 0.143
0.449 1.755 0.143
0.449 1.837 0.143
0.449 1.918 0.143
0.449 2.000 0.143
0.531 -2.000 0.675
0.531 -1.918 0.481
0.531 -1.837 0.345
0.531 -1.755 0.285
0.531 -1.673 0.278
0.531 -1.592 0.273
0.531 -1.510 0.267
0.531 -1.429 0.260
0.531 -1.347 0.252
0.531 -1.265 0.242
0.531 -1.184 0.238
0.531 -1.102 0.240
0.531 -1.020 0.245
0.531 -0.939 0.250
0.531 -0.857 0.247
0.531 -0.776 0.234
0.531 -0.694 0.214
0.531 -0.612 0.192
0.531 -0.531 0.177
0.531 -0.449 0.170
0.531 -0.367 0.168
0.531 -0.286 0.168
0.531 -0.204 0.168
0.531 -0.122 0.168
0.531 -0.041 0.168
0.531 0.041 0.168
0.531 0.122 0.168
0.531 0.204 0.168
0.531 0.286 0.168
0.531 0.367 0.168
0.531 0.449 0.168
0.531 0.531 0.168
0.531 0.612 0.168
0.531 0.694 0.168
0.531 0.776 0.168
0.531 0.857 0.168
0.531 0.939 0.168
0.531 1.020 0.168
0.531 1.102 0.168
0.531 1.184 0.168
0.531 1.265 0.169
0.531 1.347 0.169
0.531 1.429 0.169
0.531 1.510 0.169
0.531 1.592 0.169
0.531 1.673 0.169
0.531 1.755 0.169
0.531 1.837 0.169
0.531 1.918 0.169
0.531 2.000 0.169
0.612 -2.000 0.821
0.612 -1.918 0.611
0.612 -1.837 0.445
0.612 -1.755 0.348
0.612 -1.673 0.323
0.612 -1.592 0.317
0.612 -1.510 0.311
0.612 -1.429 0.303
0.612 -1.347 0.294
0.612 -1.265 0.287
0.612 -1.184 0.287
0.612 -1.102 0.291
0.612 -1.020 0.298
0.612 -0.939 0.304
0.612 -0.857 0.300
0.612 -0.776 0.285
0.612 -0.694 0.262
0.612 -0.612 0.236
0.612 -0.531 0.215
0.612 -0.449 0.202
0.612 -0.367 0.195
0.612 -0.286 0.193
0.612 -0.204 0.193
0.612 -0.122 0.194
0.612 -0.041 0.194
0.612 0.041 0.194
0.612 0.122 0.194
0.612 0.204 0.194
0.612 0.286 0.194
0.612 0.367 0.194
0.612 0.449 0.194
0.612 0.531 0.194
0.612 0.612 0.194
0.612 0.694 0.194
0.612 0.776 0.194
0.612 0.857 0.194
0.612 0.939 0.194
0.612 1.020 0.194
0.612 1.102 0.194
0.612 1.184 0.194
0.612 1.265 0.194
0.612 1.347 0.194
0.612 1.429 0.194
0.612 1.510 0.195
0.612 1.592 0.195
0.612 1.673 0.195
0.612 1.755 0.195
0.612 1.837 0.195
0.612 1.918 0.195
0.612 2.000 0.195
0.694 -2.000 0.954
0.694 -1.918 0.753
0.694 -1.837 0.560
0.694 -1.755 0.429
0.694 -1.673 0.373
0.694 -1.592 0.362
0.694 -1.510 0.355
0.694 -1.429 0.347
0.694 -1.347 0.338
0.694 -1.265 0.335
0.694 -1.184 0.338
0.694 -1.102 0.345
0.694 -1.020 0.353
0.694 -0.939 0.360
0.694 -0.857 0.355
0.694 -0.776 0.340
0.694 -0.694 0.314
0.694 -0.612 0.283
0.694 -0.531 0.257
0.694 -0.449 0.238
0.694 -0.367 0.226
0.694 -0.286 0.221
0.694 -0.204 0.219
0.694 -0.122 0.219
0.694 -0.041 0.219
0.694 0.041 0.219
0.694 0.122 0.219
0.694 0.204 0.220
0.694 0.286 0.220
0.694 0.367 0.220
0.694 0.449 0.220
0.694 0.531 0.220
0.694 0.612 0.220
0.694 0.694 0.220
0.694 0.776 0.220
0.694 0.857 0.220
0.694 0.939 0.220
0.694 1.020 0.220
0.694 1.102 0.220
0.694 1.184 0.220
0.694 1.265 0.220
0.694 1.347 0.220
0.694 1.429 0.220
0.694 1.510 0.220
0.694 1.592 0.220
0.694 1.673 0.220
0.694 1.755 0.220
0.694 1.837 0.221
0.694 1.918 0.221
0.694 2.000 0.221
0.776 -2.000 1.076
0.776 -1.918 0.889
0.776 -1.837 0.689
0.776 -1.755 0.527
0.776 -1.673 0.433
0.776 -1.592 0.408
0.776 -1.510 0.399
0.776 -1.429 0.391
0.776 -1.347 0.385
0.776 -1.265 0.387
0.776 -1.184 0.393
0.776 -1.102 0.402
0.776 -1.020 0.411
0.776 -0.939 0.418
0.776 -0.857 0.413
0.776 -0.776 0.396
0.776 -0.694 0.368
0.776 -0.612 0.334
0.776 -0.531 0.303
0.776 -0.449 0.279
0.776 -0.367 0.261
0.776 -0.286 0.251
0.776 -0.204 0.246
0.776 -0.122 0.245
0.776 -0.041 0.245
0.776 0.041 0.245
0.776 0.122 0.245
0.776 0.204 0.245
0.776 0.286 0.245
0.776 0.367 0.245
0.776 0.449 0.246
0.776 0.531 0.246
0.776 0.612 0.246
0.776 0.694 0.246
0.776 0.776 0.246
0.776 0.857 0.246
0.776 0.939 0.246
0.776 1.020 0.246
0.776 1.102 0.246
0.776 1.184 0.246
0.776 1.265 0.246
0.776 1.347 0.246
0.776 1.429 0.246
0.776 1.510 0.246
0.776 1.592 0.246
0.776 1.673 0.246
0.776 1.755 0.246
0.776 1.837 0.246
0.776 1.918 0.246
0.776 2.000 0.246
0.857 -2.000 1.190
0.857 -1.918 1.014
0.857 -1.837 0.826
0.857 -1.755 0.641
0.857 -1.673 0.513
0.857 -1.592 0.459
0.857 -1.510 0.444
0.857 -1.429 0.436
0.857 -1.347 0.435
0.857 -1.265 0.441
0.857 -1.184 0.450
0.857 -1.102 0.461
0.857 -1.020 0.472
0.857 -0.939 0.479
0.857 -0.857 0.474
0.857 -0.776 0.455
0.857 -0.694 0.426
0.857 -0.612 0.388
0.857 -0.531 0.353
0.857 -0.449 0.323
0.857 -0.367 0.300
0.857 -0.286 0.285
0.857 -0.204 0.276
0.857 -0.122 0.272
0.857 -0.041 0.271
0.857 0.041 0.271
0.857 0.122 0.271
0.857 0.204 0.271
0.857 0.286 0.271
0.857 0.367 0.271
0.857 0.449 0.271
0.857 0.531 0.271
0.857 0.612 0.271
0.857 0.694 0.271
0.857 0.776 0.272
0.857 0.857 0.272
0.857 0.939 0.272
0.857 1.020 0.272
0.857 1.102 0.272
0.857 1.184 0.272
0.857 1.265 0.272
0.857 1.347 0.272
0.857 1.429 0.272
0.857 1.510 0.272
0.857 1.592 0.272
0.857 1.673 0.272
0.857 1.755 0.272
0.857 1.837 0.272
0.857 1.918 0.272
0.857 2.000 0.272
0.939 -2.000 1.297
0.939 -1.918 1.131
0.939 -1.837 0.953
0.939 -1.755 0.768
0.939 -1.673 0.610
0.939 -1.592 0.519
0.939 -1.510 0.492
0.939 -1.429 0.485
0.939 -1.347 0.489
0.939 -1.265 0.498
0.939 -1.184 0.510
0.939 -1.102 0.522
0.939 -1.020 0.534
0.939 -0.939 0.541
0.939 -0.857 0.536
0.939 -0.776 0.517
0.939 -0.694 0.485
0.939 -0.612 0.445
0.939 -0.531 0.406
0.939 -0.449 0.372
0.939 -0.367 0.344
0.939 -0.286 0.323
0.939 -0.204 0.308
0.939 -0.122 0.301
0.939 -0.041 0.298
0.939 0.041 0.297
0.939 0.122 0.297
0.939 0.204 0.297
0.939 0.286 0.297
0.939 0.367 0.297
0.939 0.449 0.297
0.939 0.531 0.297
0.939 0.612 0.297
0.939 0.694 0.297
0.939 0.776 0.297
0.939 0.857 0.297
0.939 0.939 0.297
0.939 1.020 0.297
0.939 1.102 0.298
0.939 1.184 0.298
0.939 1.265 0.298
0.939 1.347 0.298
0.939 1.429 0.298
0.939 1.510 0.298
0.939 1.592 0.298
0.939 1.673 0.298
0.939 1.755 0.298
0.939 1.837 0.298
0.939 1.918 0.298
0.939 2.000 0.298
1.020 -2.000 1.399
1.020 -1.918 1.240
1.020 -1.837 1.071
1.020 -1.755 0.896
1.020 -1.673 0.721
1.020 -1.592 0.597
1.020 -1.510 0.545
1.020 -1.429 0.538
1.020 -1.347 0.545
1.020 -1.265 0.557
1.020 -1.184 0.571
1.020 -1.102 0.585
1.020 -1.020 0.597
1.020 -0.939 0.605
1.020 -0.857 0.599
1.020 -0.776 0.579
1.020 -0.694 0.546
1.020 -0.612 0.504
1.020 -0.531 0.462
1.020 -0.449 0.424
1.020 -0.367 0.391
1.020 -0.286 0.365
1.020 -0.204 0.345
1.020 -0.122 0.332
1.020 -0.041 0.326
1.020 0.041 0.323
1.020 0.122 0.323
1.020 0.204 0.323
1.020 0.286 0.323
1.020 0.367 0.323
1.020 0.449 0.323
1.020 0.531 0.323
1.020 0.612 0.323
1.020 0.694 0.323
1.020 0.776 0.323
1.020 0.857 0.323
1.020 0.939 0.323
1.020 1.020 0.323
1.020 1.102 0.323
1.020 1.184 0.323
1.020 1.265 0.323
1.020 1.347 0.323
1.020 1.429 0.324
1.020 1.510 0.324
1.020 1.592 0.324
1.020 1.673 0.324
1.020 1.755 0.324
1.020 1.837 0.324
1.020 1.918 0.324
1.020 2.000 0.324
1.102 -2.000 1.496
1.102 -1.918 1.344
1.102 -1.837 1.183
1.102 -1.755 1.015
1.102 -1.673 0.844
1.102 -1.592 0.691
1.102 -1.510 0.609
1.102 -1.429 0.596
1.102 -1.347 0.604
1.102 -1.265 0.618
1.102 -1.184 0.634
1.102 -1.102 0.649
1.102 -1.020 0.662
1.102 -0.939 0.671
1.102 -0.857 0.664
1.102 -0.776 0.644
1.102 -0.694 0.609
1.102 -0.612 0.565
1.102 -0.531 0.520
1.102 -0.449 0.479
1.102 -0.367 0.442
1.102 -0.286 0.410
1.102 -0.204 0.386
1.102 -0.122 0.368
1.102 -0.041 0.357
1.102 0.041 0.351
1.102 0.122 0.349
1.102 0.204 0.349
1.102 0.286 0.349
1.102 0.367 0.349
1.102 0.449 0.349
1.102 0.531 0.349
1.102 0.612 0.349
1.102 0.694 0.349
1.102 0.776 0.349
1.102 0.857 0.349
1.102 0.939 0.349
1.102 1.020 0.349
1.102 1.102 0.349
1.102 1.184 0.349
1.102 1.265 0.349
1.102 1.347 0.349
1.102 1.429 0.349
1.102 1.510 0.349
1.102 1.592 0.349
1.102 1.673 0.349
1.102 1.755 0.350
1.102 1.837 0.350
1.102 1.918 0.350
1.102 2.000 0.350
1.184 -2.000 1.590
1.184 -1.918 1.444
1.184 -1.837 1.289
1.184 -1.755 1.128
1.184 -1.673 0.963
1.184 -1.592 0.803
1.184 -1.510 0.693
1.184 -1.429 0.662
1.184 -1.347 0.665
1.184 -1.265 0.681
1.184 -1.184 0.699
1.184 -1.102 0.715
1.184 -1.020 0.729
1.184 -0.939 0.737
1.184 -0.857 0.731
1.184 -0.776 0.709
1.184 -0.694 0.674
1.184 -0.612 0.627
1.184 -0.531 0.581
1.184 -0.449 0.536
1.184 -0.367 0.496
1.184 -0.286 0.460
1.184 -0.204 0.430
1.184 -0.122 0.407
1.184 -0.041 0.391
1.184 0.041 0.381
1.184 0.122 0.376
1.184 0.204 0.375
1.184 0.286 0.374
1.184 0.367 0.375
1.184 0.449 0.375
1.184 0.531 0.375
1.184 0.612 0.375
1.184 0.694 0.375
1.184 0.776 0.375
1.184 0.857 0.375
1.184 0.939 0.375
1.184 1.020 0.375
1.184 1.102 0.375
1.184 1.184 0.375
1.184 1.265 0.375
1.184 1.347 0.375
1.184 1.429 0.375
1.184 1.510 0.375
1.184 1.592 0.375
1.184 1.673 0.375
1.184 1.755 0.375
1.184 1.837 0.375
1.184 1.918 0.375
1.184 2.000 0.375
1.265 -2.000 1.680
1.265 -1.918 1.539
1.265 -1.837 1.390
1.265 -1.755 1.235
1.265 -1.673 1.075
1.265 -1.592 0.923
1.265 -1.510 0.797
1.265 -1.429 0.735
1.265 -1.347 0.732
1.265 -1.265 0.746
1.265 -1.184 0.764
1.265 -1.102 0.782
1.265 -1.020 0.796
1.265 -0.939 0.804
1.265 -0.857 0.798
1.265 -0.776 0.776
1.265 -0.694 0.739
1.265 -0.612 0.691
1.265 -0.531 0.643
1.265 -0.449 0.596
1.265 -0.367 0.552
1.265 -0.286 0.512
1.265 -0.204 0.478
1.265 -0.122 0.450
1.265 -0.041 0.429
1.265 0.041 0.414
1.265 0.122 0.406
1.265 0.204 0.402
1.265 0.286 0.400
1.265 0.367 0.400
1.265 0.449 0.400
1.265 0.531 0.400
1.265 0.612 0.400
1.265 0.694 0.401
1.265 0.776 0.401
1.265 0.857 0.401
1.265 0.939 0.401
1.265 1.020 0.401
1.265 1.102 0.401
1.265 1.184 0.401
1.265 1.265 0.401
1.265 1.347 0.401
1.265 1.429 0.401
1.265 1.510 0.401
1.265 1.592 0.401
1.265 1.673 0.401
1.265 1.755 0.401
1.265 1.837 0.401
1.265 1.918 0.401
1.265 2.000 0.401
1.347 -2.000 1.767
1.347 -1.918 1.631
1.347 -1.837 1.487
1.347 -1.755 1.337
1.347 -1.673 1.184
1.347 -1.592 1.039
1.347 -1.510 0.913
1.347 -1.429 0.826
1.347 -1.347 0.805
1.347 -1.265 0.813
1.347 -1.184 0.831
1.347 -1.102 0.849
1.347 -1.020 0.862
1.347 -0.939 0.871
1.347 -0.857 0.865
1.347 -0.776 0.843
1.347 -0.694 0.806
1.347 -0.612 0.757
1.347 -0.531 0.706
1.347 -0.449 0.657
1.347 -0.367 0.611
1.347 -0.286 0.567
1.347 -0.204 0.529
1.347 -0.122 0.496
1.347 -0.041 0.470
1.347 0.041 0.451
1.347 0.122 0.438
1.347 0.204 0.431
1.347 0.286 0.427
1.347 0.367 0.426
1.347 0.449 0.426
1.347 0.531 0.426
1.347 0.612 0.426
1.347 0.694 0.426
1.347 0.776 0.426
1.347 0.857 0.426
1.347 0.939 0.426
1.347 1.020 0.427
1.347 1.102 0.427
1.347 1.184 0.427
1.347 1.265 0.427
1.347 1.347 0.427
1.347 1.429 0.427
1.347 1.510 0.427
1.347 1.592 0.427
1.347 1.673 0.427
1.347 1.755 0.427
1.347 1.837 0.427
1.347 1.918 0.427
1.347 2.000 0.427
1.429 -2.000 1.851
1.429 -1.918 1.719
1.429 -1.837 1.581
1.429 -1.755 1.436
1.429 -1.673 1.291
1.429 -1.592 1.152
1.429 -1.510 1.027
1.429 -1.429 0.930
1.429 -1.347 0.882
1.429 -1.265 0.884
1.429 -1.184 0.896
1.429 -1.102 0.913
1.429 -1.020 0.926
1.429 -0.939 0.934
1.429 -0.857 0.928
1.429 -0.776 0.908
1.429 -0.694 0.873
1.429 -0.612 0.823
1.429 -0.531 0.771
1.429 -0.449 0.720
1.429 -0.367 0.671
1.429 -0.286 0.625
1.429 -0.204 0.583
1.429 -0.122 0.546
1.429 -0.041 0.515
1.429 0.041 0.491
1.429 0.122 0.474
1.429 0.204 0.462
1.429 0.286 0.456
1.429 0.367 0.453
1.429 0.449 0.452
1.429 0.531 0.452
1.429 0.612 0.452
1.429 0.694 0.452
1.429 0.776 0.452
1.429 0.857 0.452
1.429 0.939 0.452
1.429 1.020 0.452
1.429 1.102 0.452
1.429 1.184 0.452
1.429 1.265 0.453
1.429 1.347 0.453
1.429 1.429 0.453
1.429 1.510 0.453
1.429 1.592 0.453
1.429 1.673 0.453
1.429 1.755 0.453
1.429 1.837 0.453
1.429 1.918 0.453
1.429 2.000 0.453
1.510 -2.000 1.933
1.510 -1.918 1.805
1.510 -1.837 1.671
1.510 -1.755 1.532
1.510 -1.673 1.395
1.510 -1.592 1.262
1.510 -1.510 1.139
1.510 -1.429 1.036
1.510 -1.347 0.968
1.510 -1.265 0.954
1.510 -1.184 0.960
1.510 -1.102 0.974
1.510 -1.020 0.986
1.510 -0.939 0.994
1.510 -0.857 0.988
1.510 -0.776 0.969
1.510 -0.694 0.936
1.510 -0.612 0.890
1.510 -0.531 0.838
1.510 -0.449 0.785
1.510 -0.367 0.733
1.510 -0.286 0.685
1.510 -0.204 0.640
1.510 -0.122 0.599
1.510 -0.041 0.564
1.510 0.041 0.535
1.510 0.122 0.512
1.510 0.204 0.496
1.510 0.286 0.486
1.510 0.367 0.481
1.510 0.449 0.478
1.510 0.531 0.478
1.510 0.612 0.478
1.510 0.694 0.478
1.510 0.776 0.478
1.510 0.857 0.478
1.510 0.939 0.478
1.510 1.020 0.478
1.510 1.102 0.478
1.510 1.184 0.478
1.510 1.265 0.478
1.510 1.347 0.478
1.510 1.429 0.478
1.510 1.510 0.478
1.510 1.592 0.479
1.510 1.673 0.479
1.510 1.755 0.479
1.510 1.837 0.479
1.510 1.918 0.479
1.510 2.000 0.479
1.592 -2.000 2.012
1.592 -1.918 1.888
1.592 -1.837 1.758
1.592 -1.755 1.626
1.592 -1.673 1.496
1.592 -1.592 1.369
1.592 -1.510 1.248
1.592 -1.429 1.142
1.592 -1.347 1.061
1.592 -1.265 1.024
1.592 -1.184 1.025
1.592 -1.102 1.033
1.592 -1.020 1.044
1.592 -0.939 1.051
1.592 -0.857 1.046
1.592 -0.776 1.028
1.592 -0.694 0.997
1.592 -0.612 0.953
1.592 -0.531 0.904
1.592 -0.449 0.850
1.592 -0.367 0.797
1.592 -0.286 0.746
1.592 -0.204 0.698
1.592 -0.122 0.654
1.592 -0.041 0.615
1.592 0.041 0.582
1.592 0.122 0.555
1.592 0.204 0.534
1.592 0.286 0.520
1.592 0.367 0.511
1.592 0.449 0.506
1.592 0.531 0.504
1.592 0.612 0.504
1.592 0.694 0.504
1.592 0.776 0.504
1.592 0.857 0.504
1.592 0.939 0.504
1.592 1.020 0.504
1.592 1.102 0.504
1.592 1.184 0.504
1.592 1.265 0.504
1.592 1.347 0.504
1.592 1.429 0.504
1.592 1.510 0.504
1.592 1.592 0.504
1.592 1.673 0.504
1.592 1.755 0.504
1.592 1.837 0.504
1.592 1.918 0.505
1.592 2.000 0.505
1.673 -2.000 2.089
1.673 -1.918 1.969
1.673 -1.837 1.844
1.673 -1.755 1.718
1.673 -1.673 1.594
1.673 -1.592 1.472
1.673 -1.510 1.354
1.673 -1.429 1.246
1.673 -1.347 1.157
1.673 -1.265 1.100
1.673 -1.184 1.090
1.673 -1.102 1.092
1.673 -1.020 1.100
1.673 -0.939 1.107
1.673 -0.857 1.102
1.673 -0.776 1.085
1.673 -0.694 1.055
1.673 -0.612 1.013
1.673 -0.531 0.966
1.673 -0.449 0.916
1.673 -0.367 0.862
1.673 -0.286 0.809
1.673 -0.204 0.759
1.673 -0.122 0.712
1.673 -0.041 0.669
1.673 0.041 0.632
1.673 0.122 0.601
1.673 0.204 0.575
1.673 0.286 0.556
1.673 0.367 0.543
1.673 0.449 0.535
1.673 0.531 0.531
1.673 0.612 0.530
1.673 0.694 0.530
1.673 0.776 0.530
1.673 0.857 0.530
1.673 0.939 0.530
1.673 1.020 0.530
1.673 1.102 0.530
1.673 1.184 0.530
1.673 1.265 0.530
1.673 1.347 0.530
1.673 1.429 0.530
1.673 1.510 0.530
1.673 1.592 0.530
1.673 1.673 0.530
1.673 1.755 0.530
1.673 1.837 0.530
1.673 1.918 0.530
1.673 2.000 0.530
1.755 -2.000 2.165
1.755 -1.918 2.048
1.755 -1.837 1.928
1.755 -1.755 1.808
1.755 -1.673 1.690
1.755 -1.592 1.572
1.755 -1.510 1.458
1.755 -1.429 1.350
1.755 -1.347 1.255
1.755 -1.265 1.184
1.755 -1.184 1.154
1.755 -1.102 1.152
1.755 -1.020 1.155
1.755 -0.939 1.161
1.755 -0.857 1.156
1.755 -0.776 1.139
1.755 -0.694 1.111
1.755 -0.612 1.071
1.755 -0.531 1.027
1.755 -0.449 0.979
1.755 -0.367 0.928
1.755 -0.286 0.874
1.755 -0.204 0.821
1.755 -0.122 0.772
1.755 -0.041 0.726
1.755 0.041 0.685
1.755 0.122 0.649
1.755 0.204 0.620
1.755 0.286 0.596
1.755 0.367 0.579
1.755 0.449 0.567
1.755 0.531 0.560
1.755 0.612 0.557
1.755 0.694 0.556
1.755 0.776 0.555
1.755 0.857 0.556
1.755 0.939 0.556
1.755 1.020 0.556
1.755 1.102 0.556
1.755 1.184 0.556
1.755 1.265 0.556
1.755 1.347 0.556
1.755 1.429 0.556
1.755 1.510 0.556
1.755 1.592 0.556
1.755 1.673 0.556
1.755 1.755 0.556
1.755 1.837 0.556
1.755 1.918 0.556
1.755 2.000 0.556
1.837 -2.000 2.238
1.837 -1.918 2.125
1.837 -1.837 2.011
1.837 -1.755 1.897
1.837 -1.673 1.783
1.837 -1.592 1.669
1.837 -1.510 1.558
1.837 -1.429 1.451
1.837 -1.347 1.353
1.837 -1.265 1.273
1.837 -1.184 1.223
1.837 -1.102 1.212
1.837 -1.020 1.210
1.837 -0.939 1.213
1.837 -0.857 1.208
1.837 -0.776 1.192
1.837 -0.694 1.165
1.837 -0.612 1.126
1.837 -0.531 1.084
1.837 -0.449 1.039
1.837 -0.367 0.990
1.837 -0.286 0.939
1.837 -0.204 0.885
1.837 -0.122 0.833
1.837 -0.041 0.784
1.837 0.041 0.740
1.837 0.122 0.701
1.837 0.204 0.667
1.837 0.286 0.639
1.837 0.367 0.618
1.837 0.449 0.602
1.837 0.531 0.591
1.837 0.612 0.585
1.837 0.694 0.582
1.837 0.776 0.581
1.837 0.857 0.581
1.837 0.939 0.581
1.837 1.020 0.581
1.837 1.102 0.581
1.837 1.184 0.582
1.837 1.265 0.582
1.837 1.347 0.582
1.837 1.429 0.582
1.837 1.510 0.582
1.837 1.592 0.582
1.837 1.673 0.582
1.837 1.755 0.582
1.837 1.837 0.582
1.837 1.918 0.582
1.837 2.000 0.582
1.918 -2.000 2.310
1.918 -1.918 2.201
1.918 -1.837 2.092
1.918 -1.755 1.983
1.918 -1.673 1.874
1.918 -1.592 1.764
1.918 -1.510 1.655
1.918 -1.429 1.549
1.918 -1.347 1.450
1.918 -1.265 1.363
1.918 -1.184 1.300
1.918 -1.102 1.273
1.918 -1.020 1.267
1.918 -0.939 1.264
1.918 -0.857 1.259
1.918 -0.776 1.243
1.918 -0.694 1.217
1.918 -0.612 1.180
1.918 -0.531 1.140
1.918 -0.449 1.096
1.918 -0.367 1.050
1.918 -0.286 1.001
1.918 -0.204 0.949
1.918 -0.122 0.896
1.918 -0.041 0.845
1.918 0.041 0.798
1.918 0.122 0.755
1.918 0.204 0.718
1.918 0.286 0.686
1.918 0.367 0.659
1.918 0.449 0.639
1.918 0.531 0.625
1.918 0.612 0.615
1.918 0.694 0.610
1.918 0.776 0.608
1.918 0.857 0.607
1.918 0.939 0.607
1.918 1.020 0.607
1.918 1.102 0.607
1.918 1.184 0.607
1.918 1.265 0.607
1.918 1.347 0.607
1.918 1.429 0.607
1.918 1.510 0.608
1.918 1.592 0.608
1.918 1.673 0.608
1.918 1.755 0.608
1.918 1.837 0.608
1.918 1.918 0.608
1.918 2.000 0.608
2.000 -2.000 2.380
2.000 -1.918 2.277
2.000 -1.837 2.172
2.000 -1.755 2.067
2.000 -1.673 1.962
2.000 -1.592 1.856
2.000 -1.510 1.750
2.000 -1.429 1.645
2.000 -1.347 1.546
2.000 -1.265 1.455
2.000 -1.184 1.381
2.000 -1.102 1.336
2.000 -1.020 1.324
2.000 -0.939 1.317
2.000 -0.857 1.308
2.000 -0.776 1.293
2.000 -0.694 1.268
2.000 -0.612 1.233
2.000 -0.531 1.194
2.000 -0.449 1.152
2.000 -0.367 1.108
2.000 -0.286 1.061
2.000 -0.204 1.012
2.000 -0.122 0.960
2.000 -0.041 0.907
2.000 0.041 0.857
2.000 0.122 0.812
2.000 0.204 0.771
2.000 0.286 0.735
2.000 0.367 0.705
2.000 0.449 0.680
2.000 0.531 0.662
2.000 0.612 0.648
2.000 0.694 0.640
2.000 0.776 0.635
2.000 0.857 0.634
2.000 0.939 0.633
2.000 1.020 0.633
2.000 1.102 0.633
2.000 1.184 0.633
2.000 1.265 0.633
2.000 1.347 0.633
2.000 1.429 0.633
2.000 1.510 0.633
2.000 1.592 0.633
2.000 1.673 0.633
2.000 1.755 0.633
2.000 1.837 0.634
2.000 1.918 0.634
2.000 2.000 0.634
