x y u v
-3.500 -8.000 -6.866 132.535
-3.132 -8.000 -6.775 118.857
-2.763 -8.000 -6.673 103.014
-2.395 -8.000 -6.591 83.652
-2.026 -8.000 -6.734 60.122
-1.658 -8.000 -7.147 35.217
-1.289 -8.000 -7.028 11.301
-0.921 -8.000 -7.167 0.297
-0.553 -8.000 -7.504 -7.623
-0.184 -8.000 -7.721 -12.366
0.184 -8.000 -7.770 -13.564
0.553 -8.000 -7.689 -10.273
0.921 -8.000 -7.423 -3.226
1.289 -8.000 -7.276 7.643
1.658 -8.000 -7.384 22.964
2.026 -8.000 -7.442 41.903
2.395 -8.000 -7.474 64.331
2.763 -8.000 -7.297 88.172
3.132 -8.000 -6.925 109.787
3.500 -8.000 -6.526 128.520
-3.500 -7.158 -6.560 123.482
-3.132 -7.158 -6.427 109.589
-2.763 -7.158 -6.298 93.983
-2.395 -7.158 -6.207 75.636
-2.026 -7.158 -6.293 53.900
-1.658 -7.158 -6.611 31.361
-1.289 -7.158 -6.489 10.514
-0.921 -7.158 -6.587 0.011
-0.553 -7.158 -6.837 -7.436
-0.184 -7.158 -6.989 -11.781
0.184 -7.158 -7.022 -12.778
0.553 -7.158 -6.965 -9.654
0.921 -7.158 -6.752 -2.909
1.289 -7.158 -6.728 7.561
1.658 -7.158 -6.799 22.055
2.026 -7.158 -6.811 39.800
2.395 -7.158 -6.843 61.005
2.763 -7.158 -6.621 83.016
3.132 -7.158 -6.236 102.969
3.500 -7.158 -5.835 120.520
-3.500 -6.316 -6.204 113.762
-3.132 -6.316 -6.019 99.531
-2.763 -6.316 -5.842 83.975
-2.395 -6.316 -5.719 66.414
-2.026 -6.316 -5.803 46.991
-1.658 -6.316 -6.042 27.114
-1.289 -6.316 -5.920 9.572
-0.921 -6.316 -5.976 -0.287
-0.553 -6.316 -6.141 -7.137
-0.184 -6.316 -6.232 -11.019
0.184 -6.316 -6.249 -11.799
0.553 -6.316 -6.213 -8.885
0.921 -6.316 -6.149 -2.495
1.289 -6.316 -6.113 6.959
1.658 -6.316 -6.113 20.211
2.026 -6.316 -6.120 36.482
2.395 -6.316 -6.144 55.893
2.763 -6.316 -5.928 75.872
3.132 -6.316 -5.545 94.406
3.500 -6.316 -5.182 111.080
-3.500 -5.474 -5.799 103.379
-3.132 -5.474 -5.558 88.845
-2.763 -5.474 -5.328 73.315
-2.395 -5.474 -5.157 56.609
-2.026 -5.474 -5.249 38.898
-1.658 -5.474 -5.429 20.890
-1.289 -5.474 -5.285 8.502
-0.921 -5.474 -5.328 -0.502
-0.553 -5.474 -5.416 -6.670
-0.184 -5.474 -5.452 -10.056
0.184 -5.474 -5.457 -10.625
0.553 -5.474 -5.443 -8.051
0.921 -5.474 -5.474 -2.288
1.289 -5.474 -5.407 5.894
1.658 -5.474 -5.390 17.535
2.026 -5.474 -5.402 32.018
2.395 -5.474 -5.422 49.100
2.763 -5.474 -5.217 67.221
3.132 -5.474 -4.855 84.253
3.500 -5.474 -4.730 101.123
-3.500 -4.632 -5.252 92.558
-3.132 -4.632 -4.988 77.876
-2.763 -4.632 -4.749 62.360
-2.395 -4.632 -4.608 46.311
-2.026 -4.632 -4.644 30.853
-1.658 -4.632 -4.651 17.865
-1.289 -4.632 -4.576 7.444
-0.921 -4.632 -4.593 -0.484
-0.553 -4.632 -4.624 -5.840
-0.184 -4.632 -4.627 -8.717
0.184 -4.632 -4.629 -9.119
0.553 -4.632 -4.627 -6.994
0.921 -4.632 -4.645 -2.269
1.289 -4.632 -4.619 4.780
1.658 -4.632 -4.628 14.547
2.026 -4.632 -4.634 26.717
2.395 -4.632 -4.644 41.436
2.763 -4.632 -4.479 57.413
3.132 -4.632 -4.143 72.648
3.500 -4.632 -4.237 89.317
-3.500 -3.789 -4.488 80.932
-3.132 -3.789 -4.200 66.823
-2.763 -3.789 -3.952 52.302
-2.395 -3.789 -3.787 38.410
-2.026 -3.789 -3.796 25.589
-1.658 -3.789 -3.810 14.928
-1.289 -3.789 -3.787 6.323
-0.921 -3.789 -3.806 -0.243
-0.553 -3.789 -3.809 -4.720
-0.184 -3.789 -3.790 -7.150
0.184 -3.789 -3.778 -7.491
0.553 -3.789 -3.789 -5.806
0.921 -3.789 -3.785 -2.096
1.289 -3.789 -3.812 3.731
1.658 -3.789 -3.822 11.585
2.026 -3.789 -3.801 21.442
2.395 -3.789 -3.814 33.451
2.763 -3.789 -3.699 46.841
3.132 -3.789 -3.593 61.002
3.500 -3.789 -3.682 75.813
-3.500 -2.947 -3.587 67.210
-3.132 -2.947 -3.313 54.386
-2.763 -2.947 -3.085 41.793
-2.395 -2.947 -2.953 30.338
-2.026 -2.947 -2.926 20.333
-1.658 -2.947 -2.945 11.999
-1.289 -2.947 -2.957 5.257
-0.921 -2.947 -2.983 0.053
-0.553 -2.947 -2.962 -3.500
-0.184 -2.947 -2.957 -5.507
0.184 -2.947 -2.933 -5.865
0.553 -2.947 -2.943 -4.624
0.921 -2.947 -2.958 -1.811
1.289 -2.947 -2.939 2.570
1.658 -2.947 -2.988 8.707
2.026 -2.947 -2.966 16.254
2.395 -2.947 -2.976 25.485
2.763 -2.947 -2.879 35.974
3.132 -2.947 -2.928 47.949
3.500 -2.947 -2.994 59.964
-3.500 -2.105 -2.568 50.905
-3.132 -2.105 -2.356 40.491
-2.763 -2.105 -2.187 30.782
-2.395 -2.105 -2.082 22.375
-2.026 -2.105 -2.078 15.096
-1.658 -2.105 -2.100 9.044
-1.289 -2.105 -2.121 4.101
-0.921 -2.105 -2.118 0.331
-0.553 -2.105 -2.057 -2.381
-0.184 -2.105 -2.123 -3.811
0.184 -2.105 -2.114 -4.296
0.553 -2.105 -2.094 -3.472
0.921 -2.105 -2.110 -1.528
1.289 -2.105 -2.105 1.500
1.658 -2.105 -2.100 5.676
2.026 -2.105 -2.102 11.026
2.395 -2.105 -2.095 17.489
2.763 -2.105 -2.117 25.137
3.132 -2.105 -2.148 33.590
3.500 -2.105 -2.191 42.231
-3.500 -1.263 -1.547 32.350
-3.132 -1.263 -1.431 25.689
-2.763 -1.263 -1.329 19.551
-2.395 -1.263 -1.245 14.379
-2.026 -1.263 -1.271 9.883
-1.658 -1.263 -1.298 6.086
-1.289 -1.263 -1.319 2.987
-0.921 -1.263 -1.288 0.584
-0.553 -1.263 -1.216 -1.203
-0.184 -1.263 -1.240 -2.199
0.184 -1.263 -1.296 -2.615
0.553 -1.263 -1.259 -2.289
0.921 -1.263 -1.239 -1.290
1.289 -1.263 -1.246 0.367
1.658 -1.263 -1.245 2.745
2.026 -1.263 -1.246 5.800
2.395 -1.263 -1.279 9.551
2.763 -1.263 -1.328 13.982
3.132 -1.263 -1.380 18.946
3.500 -1.263 -1.435 24.154
-3.500 -0.421 -0.631 13.383
-3.132 -0.421 -0.575 10.806
-2.763 -0.421 -0.514 8.510
-2.395 -0.421 -0.447 6.418
-2.026 -0.421 -0.403 4.652
-1.658 -0.421 -0.392 3.160
-1.289 -0.421 -0.380 1.886
-0.921 -0.421 -0.397 0.853
-0.553 -0.421 -0.437 -0.055
-0.184 -0.421 -0.429 -0.679
0.184 -0.421 -0.460 -0.956
0.553 -0.421 -0.412 -1.128
0.921 -0.421 -0.397 -1.023
1.289 -0.421 -0.397 -0.708
1.658 -0.421 -0.410 -0.179
2.026 -0.421 -0.435 0.602
2.395 -0.421 -0.470 1.599
2.763 -0.421 -0.505 2.504
3.132 -0.421 -0.539 3.324
3.500 -0.421 -0.569 4.045
-3.500 0.421 0.574 -3.914
-3.132 0.421 0.534 -3.324
-2.763 0.421 0.497 -2.542
-2.395 0.421 0.466 -1.638
-2.026 0.421 0.441 -0.622
-1.658 0.421 0.422 0.247
-1.289 0.421 0.406 0.775
-0.921 0.421 0.394 1.045
-0.553 0.421 0.387 1.112
-0.184 0.421 0.388 1.001
0.184 0.421 0.389 0.774
0.553 0.421 0.367 0.004
0.921 0.421 0.369 -0.842
1.289 0.421 0.391 -1.872
1.658 0.421 0.415 -3.142
2.026 0.421 0.414 -4.651
2.395 0.421 0.441 -6.367
2.763 0.421 0.480 -8.403
3.132 0.421 0.523 -10.671
3.500 0.421 0.570 -13.271
-3.500 1.263 1.306 -21.699
-3.132 1.263 1.285 -17.881
-2.763 1.263 1.280 -13.728
-2.395 1.263 1.301 -9.577
-2.026 1.263 1.258 -5.765
-1.658 1.263 1.222 -2.716
-1.289 1.263 1.254 -0.413
-0.921 1.263 1.265 1.319
-0.553 1.263 1.254 2.277
-0.184 1.263 1.263 2.629
0.184 1.263 1.283 2.238
0.553 1.263 1.275 1.134
0.921 1.263 1.256 -0.514
1.289 1.263 1.275 -2.959
1.658 1.263 1.288 -6.103
2.026 1.263 1.257 -9.906
2.395 1.263 1.274 -14.364
2.763 1.263 1.318 -19.569
3.132 1.263 1.361 -25.458
3.500 1.263 1.411 -31.881
-3.500 2.105 2.229 -39.681
-3.132 2.105 2.157 -32.493
-2.763 2.105 2.110 -24.846
-2.395 2.105 2.099 -17.501
-2.026 2.105 2.117 -11.039
-1.658 2.105 2.143 -5.762
-1.289 2.105 2.094 -1.493
-0.921 2.105 2.123 1.551
-0.553 2.105 2.109 3.448
-0.184 2.105 2.101 4.229
0.184 2.105 2.107 3.873
0.553 2.105 2.112 2.345
0.921 2.105 2.128 -0.315
1.289 2.105 2.106 -4.141
1.658 2.105 2.083 -9.067
2.026 2.105 2.081 -15.114
2.395 2.105 2.107 -22.347
2.763 2.105 2.133 -30.745
3.132 2.105 2.187 -39.848
3.500 2.105 2.292 -49.218
-3.500 2.947 3.170 -57.078
-3.132 2.947 3.059 -46.908
-2.763 2.947 2.976 -35.951
-2.395 2.947 2.936 -25.461
-2.026 2.947 2.943 -16.235
-1.658 2.947 2.956 -8.615
-1.289 2.947 2.975 -2.686
-0.921 2.947 2.950 1.817
-0.553 2.947 2.946 4.633
-0.184 2.947 2.927 5.879
0.184 2.947 2.937 5.469
0.553 2.947 2.963 3.498
0.921 2.947 2.982 -0.025
1.289 2.947 2.942 -5.225
1.658 2.947 2.937 -11.955
2.026 2.947 2.938 -20.350
2.395 2.947 2.940 -30.318
2.763 2.947 2.966 -41.611
3.132 2.947 3.090 -53.135
3.500 2.947 3.291 -64.486
-3.500 3.789 4.139 -73.492
-3.132 3.789 3.970 -60.813
-2.763 3.789 3.846 -46.972
-2.395 3.789 3.785 -33.435
-2.026 3.789 3.785 -21.457
-1.658 3.789 3.783 -11.577
-1.289 3.789 3.804 -3.754
-0.921 3.789 3.768 2.061
-0.553 3.789 3.795 5.812
-0.184 3.789 3.769 7.479
0.184 3.789 3.769 7.137
0.553 3.789 3.794 4.671
0.921 3.789 3.799 0.231
1.289 3.789 3.772 -6.336
1.658 3.789 3.800 -14.930
2.026 3.789 3.783 -25.574
2.395 3.789 3.781 -38.345
2.763 3.789 3.833 -52.185
3.132 3.789 4.052 -65.433
3.500 3.789 4.332 -78.118
-3.500 4.632 5.137 -88.657
-3.132 4.632 4.901 -73.990
-2.763 4.632 4.723 -57.697
-2.395 4.632 4.639 -41.359
-2.026 4.632 4.638 -26.646
-1.658 4.632 4.633 -14.516
-1.289 4.632 4.661 -4.749
-0.921 4.632 4.604 2.340
-0.553 4.632 4.672 7.012
-0.184 4.632 4.643 9.098
0.184 4.632 4.630 8.743
0.553 4.632 4.635 5.823
0.921 4.632 4.609 0.488
1.289 4.632 4.614 -7.469
1.658 4.632 4.658 -17.979
2.026 4.632 4.628 -30.888
2.395 4.632 4.655 -46.318
2.763 4.632 4.719 -62.492
3.132 4.632 5.024 -77.039
3.500 4.632 5.360 -90.579
-3.500 5.474 6.109 -102.428
-3.132 5.474 5.852 -86.138
-2.763 5.474 5.636 -67.681
-2.395 5.474 5.536 -48.704
-2.026 5.474 5.543 -31.276
-1.658 5.474 5.543 -16.963
-1.289 5.474 5.588 -5.569
-0.921 5.474 5.529 2.506
-0.553 5.474 5.582 8.302
-0.184 5.474 5.563 10.681
0.184 5.474 5.652 9.219
0.553 5.474 5.621 4.940
0.921 5.474 5.526 -1.769
1.289 5.474 5.555 -12.225
1.658 5.474 5.377 -25.707
2.026 5.474 5.357 -39.563
2.395 5.474 5.573 -54.207
2.763 5.474 5.598 -72.437
3.132 5.474 5.984 -88.201
3.500 5.474 6.368 -102.331
-3.500 6.316 7.070 -114.668
-3.132 6.316 6.813 -96.739
-2.763 6.316 6.624 -76.060
-2.395 6.316 6.536 -54.525
-2.026 6.316 6.543 -34.741
-1.658 6.316 6.536 -18.579
-1.289 6.316 6.593 -6.119
-0.921 6.316 6.547 2.596
-0.553 6.316 6.535 9.748
-0.184 6.316 6.681 11.143
0.184 6.316 6.735 8.948
0.553 6.316 6.649 3.121
0.921 6.316 6.535 -5.881
1.289 6.316 6.543 -17.807
1.658 6.316 6.217 -32.082
2.026 6.316 6.226 -47.388
2.395 6.316 6.385 -64.488
2.763 6.316 6.519 -81.629
3.132 6.316 6.907 -99.082
3.500 6.316 7.369 -113.809
-3.500 7.158 8.055 -125.127
-3.132 7.158 7.828 -105.143
-2.763 7.158 7.693 -82.234
-2.395 7.158 7.659 -58.482
-2.026 7.158 7.650 -36.921
-1.658 7.158 7.623 -19.365
-1.289 7.158 7.677 -6.376
-0.921 7.158 7.646 2.811
-0.553 7.158 7.706 10.155
-0.184 7.158 7.805 11.558
0.184 7.158 7.824 8.402
0.553 7.158 7.687 1.170
0.921 7.158 7.568 -9.310
1.289 7.158 7.561 -22.642
1.658 7.158 7.120 -38.452
2.026 7.158 7.160 -55.112
2.395 7.158 7.320 -73.719
2.763 7.158 7.472 -91.108
3.132 7.158 7.749 -109.414
3.500 7.158 8.354 -125.151
-3.500 8.000 9.096 -133.581
-3.132 8.000 8.926 -111.222
-2.763 8.000 8.856 -86.295
-2.395 8.000 8.868 -60.728
-2.026 8.000 8.843 -37.868
-1.658 8.000 8.815 -19.531
-1.289 8.000 8.849 -6.386
-0.921 8.000 8.846 3.060
-0.553 8.000 8.922 10.192
-0.184 8.000 8.982 11.353
0.184 8.000 8.954 7.123
0.553 8.000 8.782 -1.343
0.921 8.000 8.656 -13.036
1.289 8.000 8.624 -27.620
1.658 8.000 8.081 -44.705
2.026 8.000 8.148 -62.523
2.395 8.000 8.321 -82.142
2.763 8.000 8.428 -101.031
3.132 8.000 8.580 -118.538
3.500 8.000 9.248 -136.240
