x y z
-2.500 -5.000 1.999
-2.500 -4.796 1.938
-2.500 -4.592 1.876
-2.500 -4.388 1.812
-2.500 -4.184 1.748
-2.500 -3.980 1.683
-2.500 -3.776 1.617
-2.500 -3.571 1.549
-2.500 -3.367 1.480
-2.500 -3.163 1.410
-2.500 -2.959 1.338
-2.500 -2.755 1.265
-2.500 -2.551 1.189
-2.500 -2.347 1.110
-2.500 -2.143 1.029
-2.500 -1.939 0.943
-2.500 -1.735 0.853
-2.500 -1.531 0.756
-2.500 -1.327 0.659
-2.500 -1.122 0.562
-2.500 -0.918 0.468
-2.500 -0.714 0.375
-2.500 -0.510 0.285
-2.500 -0.306 0.197
-2.500 -0.102 0.114
-2.500 0.102 0.036
-2.500 0.306 0.018
-2.500 0.510 0.050
-2.500 0.714 0.080
-2.500 0.918 0.107
-2.500 1.122 0.130
-2.500 1.327 0.151
-2.500 1.531 0.167
-2.500 1.735 0.178
-2.500 1.939 0.185
-2.500 2.143 0.187
-2.500 2.347 0.185
-2.500 2.551 0.177
-2.500 2.755 0.165
-2.500 2.959 0.149
-2.500 3.163 0.129
-2.500 3.367 0.106
-2.500 3.571 0.081
-2.500 3.776 0.053
-2.500 3.980 0.022
-2.500 4.184 0.012
-2.500 4.388 0.046
-2.500 4.592 0.082
-2.500 4.796 0.118
-2.500 5.000 0.155
-2.398 -5.000 1.948
-2.398 -4.796 1.887
-2.398 -4.592 1.825
-2.398 -4.388 1.762
-2.398 -4.184 1.698
-2.398 -3.980 1.632
-2.398 -3.776 1.566
-2.398 -3.571 1.499
-2.398 -3.367 1.430
-2.398 -3.163 1.360
-2.398 -2.959 1.288
-2.398 -2.755 1.214
-2.398 -2.551 1.138
-2.398 -2.347 1.058
-2.398 -2.143 0.976
-2.398 -1.939 0.888
-2.398 -1.735 0.796
-2.398 -1.531 0.699
-2.398 -1.327 0.604
-2.398 -1.122 0.510
-2.398 -0.918 0.417
-2.398 -0.714 0.326
-2.398 -0.510 0.238
-2.398 -0.306 0.152
-2.398 -0.102 0.070
-2.398 0.102 0.003
-2.398 0.306 0.037
-2.398 0.510 0.070
-2.398 0.714 0.099
-2.398 0.918 0.127
-2.398 1.122 0.151
-2.398 1.327 0.171
-2.398 1.531 0.187
-2.398 1.735 0.199
-2.398 1.939 0.207
-2.398 2.143 0.209
-2.398 2.347 0.206
-2.398 2.551 0.199
-2.398 2.755 0.187
-2.398 2.959 0.171
-2.398 3.163 0.151
-2.398 3.367 0.128
-2.398 3.571 0.104
-2.398 3.776 0.077
-2.398 3.980 0.046
-2.398 4.184 0.010
-2.398 4.388 0.025
-2.398 4.592 0.060
-2.398 4.796 0.096
-2.398 5.000 0.134
-2.296 -5.000 1.896
-2.296 -4.796 1.835
-2.296 -4.592 1.773
-2.296 -4.388 1.710
-2.296 -4.184 1.646
-2.296 -3.980 1.581
-2.296 -3.776 1.515
-2.296 -3.571 1.448
-2.296 -3.367 1.379
-2.296 -3.163 1.308
-2.296 -2.959 1.236
-2.296 -2.755 1.162
-2.296 -2.551 1.085
-2.296 -2.347 1.005
-2.296 -2.143 0.920
-2.296 -1.939 0.831
-2.296 -1.735 0.736
-2.296 -1.531 0.641
-2.296 -1.327 0.548
-2.296 -1.122 0.457
-2.296 -0.918 0.366
-2.296 -0.714 0.277
-2.296 -0.510 0.191
-2.296 -0.306 0.107
-2.296 -0.102 0.026
-2.296 0.102 0.023
-2.296 0.306 0.057
-2.296 0.510 0.089
-2.296 0.714 0.119
-2.296 0.918 0.146
-2.296 1.122 0.171
-2.296 1.327 0.191
-2.296 1.531 0.208
-2.296 1.735 0.220
-2.296 1.939 0.228
-2.296 2.143 0.230
-2.296 2.347 0.228
-2.296 2.551 0.220
-2.296 2.755 0.208
-2.296 2.959 0.192
-2.296 3.163 0.172
-2.296 3.367 0.150
-2.296 3.571 0.127
-2.296 3.776 0.101
-2.296 3.980 0.070
-2.296 4.184 0.035
-2.296 4.388 0.004
-2.296 4.592 0.039
-2.296 4.796 0.076
-2.296 5.000 0.113
-2.194 -5.000 1.843
-2.194 -4.796 1.783
-2.194 -4.592 1.721
-2.194 -4.388 1.658
-2.194 -4.184 1.594
-2.194 -3.980 1.529
-2.194 -3.776 1.463
-2.194 -3.571 1.395
-2.194 -3.367 1.326
-2.194 -3.163 1.256
-2.194 -2.959 1.183
-2.194 -2.755 1.108
-2.194 -2.551 1.030
-2.194 -2.347 0.948
-2.194 -2.143 0.862
-2.194 -1.939 0.770
-2.194 -1.735 0.676
-2.194 -1.531 0.583
-2.194 -1.327 0.492
-2.194 -1.122 0.403
-2.194 -0.918 0.315
-2.194 -0.714 0.228
-2.194 -0.510 0.143
-2.194 -0.306 0.061
-2.194 -0.102 0.008
-2.194 0.102 0.043
-2.194 0.306 0.077
-2.194 0.510 0.109
-2.194 0.714 0.139
-2.194 0.918 0.166
-2.194 1.122 0.190
-2.194 1.327 0.211
-2.194 1.531 0.228
-2.194 1.735 0.241
-2.194 1.939 0.248
-2.194 2.143 0.251
-2.194 2.347 0.249
-2.194 2.551 0.241
-2.194 2.755 0.229
-2.194 2.959 0.212
-2.194 3.163 0.193
-2.194 3.367 0.173
-2.194 3.571 0.151
-2.194 3.776 0.125
-2.194 3.980 0.094
-2.194 4.184 0.059
-2.194 4.388 0.019
-2.194 4.592 0.020
-2.194 4.796 0.056
-2.194 5.000 0.093
-2.092 -5.000 1.790
-2.092 -4.796 1.730
-2.092 -4.592 1.668
-2.092 -4.388 1.605
-2.092 -4.184 1.541
-2.092 -3.980 1.476
-2.092 -3.776 1.410
-2.092 -3.571 1.342
-2.092 -3.367 1.273
-2.092 -3.163 1.201
-2.092 -2.959 1.128
-2.092 -2.755 1.052
-2.092 -2.551 0.973
-2.092 -2.347 0.889
-2.092 -2.143 0.800
-2.092 -1.939 0.707
-2.092 -1.735 0.616
-2.092 -1.531 0.525
-2.092 -1.327 0.436
-2.092 -1.122 0.349
-2.092 -0.918 0.263
-2.092 -0.714 0.178
-2.092 -0.510 0.095
-2.092 -0.306 0.015
-2.092 -0.102 0.029
-2.092 0.102 0.064
-2.092 0.306 0.097
-2.092 0.510 0.129
-2.092 0.714 0.159
-2.092 0.918 0.186
-2.092 1.122 0.210
-2.092 1.327 0.231
-2.092 1.531 0.248
-2.092 1.735 0.261
-2.092 1.939 0.269
-2.092 2.143 0.272
-2.092 2.347 0.269
-2.092 2.551 0.261
-2.092 2.755 0.249
-2.092 2.959 0.232
-2.092 3.163 0.214
-2.092 3.367 0.196
-2.092 3.571 0.175
-2.092 3.776 0.150
-2.092 3.980 0.119
-2.092 4.184 0.083
-2.092 4.388 0.043
-2.092 4.592 0.001
-2.092 4.796 0.038
-2.092 5.000 0.075
-1.990 -5.000 1.737
-1.990 -4.796 1.676
-1.990 -4.592 1.615
-1.990 -4.388 1.552
-1.990 -4.184 1.488
-1.990 -3.980 1.423
-1.990 -3.776 1.356
-1.990 -3.571 1.288
-1.990 -3.367 1.218
-1.990 -3.163 1.145
-1.990 -2.959 1.071
-1.990 -2.755 0.994
-1.990 -2.551 0.913
-1.990 -2.347 0.827
-1.990 -2.143 0.736
-1.990 -1.939 0.645
-1.990 -1.735 0.555
-1.990 -1.531 0.467
-1.990 -1.327 0.380
-1.990 -1.122 0.294
-1.990 -0.918 0.210
-1.990 -0.714 0.128
-1.990 -0.510 0.047
-1.990 -0.306 0.015
-1.990 -0.102 0.050
-1.990 0.102 0.084
-1.990 0.306 0.117
-1.990 0.510 0.149
-1.990 0.714 0.178
-1.990 0.918 0.206
-1.990 1.122 0.230
-1.990 1.327 0.251
-1.990 1.531 0.268
-1.990 1.735 0.281
-1.990 1.939 0.289
-1.990 2.143 0.292
-1.990 2.347 0.289
-1.990 2.551 0.281
-1.990 2.755 0.268
-1.990 2.959 0.251
-1.990 3.163 0.236
-1.990 3.367 0.220
-1.990 3.571 0.200
-1.990 3.776 0.175
-1.990 3.980 0.144
-1.990 4.184 0.108
-1.990 4.388 0.066
-1.990 4.592 0.021
-1.990 4.796 0.021
-1.990 5.000 0.058
-1.888 -5.000 1.683
-1.888 -4.796 1.623
-1.888 -4.592 1.561
-1.888 -4.388 1.498
-1.888 -4.184 1.434
-1.888 -3.980 1.368
-1.888 -3.776 1.301
-1.888 -3.571 1.232
-1.888 -3.367 1.161
-1.888 -3.163 1.088
-1.888 -2.959 1.012
-1.888 -2.755 0.933
-1.888 -2.551 0.849
-1.888 -2.347 0.760
-1.888 -2.143 0.670
-1.888 -1.939 0.582
-1.888 -1.735 0.494
-1.888 -1.531 0.408
-1.888 -1.327 0.323
-1.888 -1.122 0.239
-1.888 -0.918 0.157
-1.888 -0.714 0.077
-1.888 -0.510 0.001
-1.888 -0.306 0.036
-1.888 -0.102 0.071
-1.888 0.102 0.104
-1.888 0.306 0.137
-1.888 0.510 0.168
-1.888 0.714 0.198
-1.888 0.918 0.225
-1.888 1.122 0.250
-1.888 1.327 0.271
-1.888 1.531 0.288
-1.888 1.735 0.301
-1.888 1.939 0.309
-1.888 2.143 0.311
-1.888 2.347 0.308
-1.888 2.551 0.300
-1.888 2.755 0.286
-1.888 2.959 0.271
-1.888 3.163 0.258
-1.888 3.367 0.244
-1.888 3.571 0.225
-1.888 3.776 0.199
-1.888 3.980 0.168
-1.888 4.184 0.131
-1.888 4.388 0.089
-1.888 4.592 0.043
-1.888 4.796 0.005
-1.888 5.000 0.042
-1.786 -5.000 1.629
-1.786 -4.796 1.568
-1.786 -4.592 1.506
-1.786 -4.388 1.443
-1.786 -4.184 1.378
-1.786 -3.980 1.312
-1.786 -3.776 1.244
-1.786 -3.571 1.175
-1.786 -3.367 1.103
-1.786 -3.163 1.028
-1.786 -2.959 0.951
-1.786 -2.755 0.869
-1.786 -2.551 0.782
-1.786 -2.347 0.693
-1.786 -2.143 0.605
-1.786 -1.939 0.519
-1.786 -1.735 0.433
-1.786 -1.531 0.349
-1.786 -1.327 0.266
-1.786 -1.122 0.184
-1.786 -0.918 0.104
-1.786 -0.714 0.025
-1.786 -0.510 0.023
-1.786 -0.306 0.058
-1.786 -0.102 0.092
-1.786 0.102 0.125
-1.786 0.306 0.157
-1.786 0.510 0.188
-1.786 0.714 0.218
-1.786 0.918 0.245
-1.786 1.122 0.270
-1.786 1.327 0.291
-1.786 1.531 0.308
-1.786 1.735 0.321
-1.786 1.939 0.328
-1.786 2.143 0.330
-1.786 2.347 0.327
-1.786 2.551 0.318
-1.786 2.755 0.304
-1.786 2.959 0.292
-1.786 3.163 0.282
-1.786 3.367 0.269
-1.786 3.571 0.250
-1.786 3.776 0.225
-1.786 3.980 0.193
-1.786 4.184 0.155
-1.786 4.388 0.112
-1.786 4.592 0.064
-1.786 4.796 0.013
-1.786 5.000 0.029
-1.684 -5.000 1.574
-1.684 -4.796 1.513
-1.684 -4.592 1.451
-1.684 -4.388 1.387
-1.684 -4.184 1.322
-1.684 -3.980 1.255
-1.684 -3.776 1.187
-1.684 -3.571 1.116
-1.684 -3.367 1.043
-1.684 -3.163 0.966
-1.684 -2.959 0.886
-1.684 -2.755 0.801
-1.684 -2.551 0.713
-1.684 -2.347 0.626
-1.684 -2.143 0.540
-1.684 -1.939 0.455
-1.684 -1.735 0.372
-1.684 -1.531 0.289
-1.684 -1.327 0.208
-1.684 -1.122 0.128
-1.684 -0.918 0.050
-1.684 -0.714 0.012
-1.684 -0.510 0.046
-1.684 -0.306 0.080
-1.684 -0.102 0.113
-1.684 0.102 0.146
-1.684 0.306 0.178
-1.684 0.510 0.209
-1.684 0.714 0.238
-1.684 0.918 0.265
-1.684 1.122 0.289
-1.684 1.327 0.310
-1.684 1.531 0.328
-1.684 1.735 0.340
-1.684 1.939 0.347
-1.684 2.143 0.349
-1.684 2.347 0.345
-1.684 2.551 0.335
-1.684 2.755 0.322
-1.684 2.959 0.314
-1.684 3.163 0.307
-1.684 3.367 0.295
-1.684 3.571 0.276
-1.684 3.776 0.249
-1.684 3.980 0.216
-1.684 4.184 0.177
-1.684 4.388 0.132
-1.684 4.592 0.083
-1.684 4.796 0.031
-1.684 5.000 0.017
-1.582 -5.000 1.518
-1.582 -4.796 1.457
-1.582 -4.592 1.394
-1.582 -4.388 1.330
-1.582 -4.184 1.265
-1.582 -3.980 1.197
-1.582 -3.776 1.128
-1.582 -3.571 1.055
-1.582 -3.367 0.980
-1.582 -3.163 0.902
-1.582 -2.959 0.819
-1.582 -2.755 0.731
-1.582 -2.551 0.644
-1.582 -2.347 0.559
-1.582 -2.143 0.474
-1.582 -1.939 0.392
-1.582 -1.735 0.310
-1.582 -1.531 0.230
-1.582 -1.327 0.150
-1.582 -1.122 0.072
-1.582 -0.918 0.002
-1.582 -0.714 0.036
-1.582 -0.510 0.069
-1.582 -0.306 0.102
-1.582 -0.102 0.135
-1.582 0.102 0.167
-1.582 0.306 0.199
-1.582 0.510 0.229
-1.582 0.714 0.258
-1.582 0.918 0.285
-1.582 1.122 0.309
-1.582 1.327 0.330
-1.582 1.531 0.347
-1.582 1.735 0.359
-1.582 1.939 0.366
-1.582 2.143 0.367
-1.582 2.347 0.361
-1.582 2.551 0.351
-1.582 2.755 0.341
-1.582 2.959 0.339
-1.582 3.163 0.334
-1.582 3.367 0.322
-1.582 3.571 0.302
-1.582 3.776 0.274
-1.582 3.980 0.239
-1.582 4.184 0.198
-1.582 4.388 0.152
-1.582 4.592 0.101
-1.582 4.796 0.047
-1.582 5.000 0.007
-1.480 -5.000 1.462
-1.480 -4.796 1.400
-1.480 -4.592 1.337
-1.480 -4.388 1.272
-1.480 -4.184 1.206
-1.480 -3.980 1.137
-1.480 -3.776 1.066
-1.480 -3.571 0.993
-1.480 -3.367 0.915
-1.480 -3.163 0.834
-1.480 -2.959 0.747
-1.480 -2.755 0.660
-1.480 -2.551 0.575
-1.480 -2.347 0.491
-1.480 -2.143 0.409
-1.480 -1.939 0.328
-1.480 -1.735 0.248
-1.480 -1.531 0.169
-1.480 -1.327 0.092
-1.480 -1.122 0.016
-1.480 -0.918 0.026
-1.480 -0.714 0.060
-1.480 -0.510 0.093
-1.480 -0.306 0.125
-1.480 -0.102 0.157
-1.480 0.102 0.189
-1.480 0.306 0.220
-1.480 0.510 0.250
-1.480 0.714 0.278
-1.480 0.918 0.305
-1.480 1.122 0.329
-1.480 1.327 0.350
-1.480 1.531 0.366
-1.480 1.735 0.378
-1.480 1.939 0.384
-1.480 2.143 0.384
-1.480 2.347 0.377
-1.480 2.551 0.366
-1.480 2.755 0.364
-1.480 2.959 0.366
-1.480 3.163 0.361
-1.480 3.367 0.348
-1.480 3.571 0.327
-1.480 3.776 0.297
-1.480 3.980 0.260
-1.480 4.184 0.217
-1.480 4.388 0.168
-1.480 4.592 0.116
-1.480 4.796 0.060
-1.480 5.000 0.001
-1.378 -5.000 1.404
-1.378 -4.796 1.342
-1.378 -4.592 1.279
-1.378 -4.388 1.213
-1.378 -4.184 1.146
-1.378 -3.980 1.076
-1.378 -3.776 1.003
-1.378 -3.571 0.927
-1.378 -3.367 0.847
-1.378 -3.163 0.761
-1.378 -2.959 0.675
-1.378 -2.755 0.590
-1.378 -2.551 0.506
-1.378 -2.347 0.424
-1.378 -2.143 0.343
-1.378 -1.939 0.264
-1.378 -1.735 0.186
-1.378 -1.531 0.109
-1.378 -1.327 0.033
-1.378 -1.122 0.018
-1.378 -0.918 0.051
-1.378 -0.714 0.084
-1.378 -0.510 0.116
-1.378 -0.306 0.148
-1.378 -0.102 0.180
-1.378 0.102 0.211
-1.378 0.306 0.241
-1.378 0.510 0.271
-1.378 0.714 0.299
-1.378 0.918 0.325
-1.378 1.122 0.349
-1.378 1.327 0.369
-1.378 1.531 0.385
-1.378 1.735 0.396
-1.378 1.939 0.401
-1.378 2.143 0.400
-1.378 2.347 0.392
-1.378 2.551 0.385
-1.378 2.755 0.390
-1.378 2.959 0.394
-1.378 3.163 0.389
-1.378 3.367 0.375
-1.378 3.571 0.351
-1.378 3.776 0.318
-1.378 3.980 0.278
-1.378 4.184 0.233
-1.378 4.388 0.182
-1.378 4.592 0.128
-1.378 4.796 0.070
-1.378 5.000 0.010
-1.276 -5.000 1.346
-1.276 -4.796 1.283
-1.276 -4.592 1.219
-1.276 -4.388 1.152
-1.276 -4.184 1.084
-1.276 -3.980 1.012
-1.276 -3.776 0.937
-1.276 -3.571 0.858
-1.276 -3.367 0.774
-1.276 -3.163 0.688
-1.276 -2.959 0.604
-1.276 -2.755 0.520
-1.276 -2.551 0.438
-1.276 -2.347 0.357
-1.276 -2.143 0.278
-1.276 -1.939 0.200
-1.276 -1.735 0.124
-1.276 -1.531 0.049
-1.276 -1.327 0.011
-1.276 -1.122 0.044
-1.276 -0.918 0.076
-1.276 -0.714 0.108
-1.276 -0.510 0.140
-1.276 -0.306 0.171
-1.276 -0.102 0.202
-1.276 0.102 0.233
-1.276 0.306 0.263
-1.276 0.510 0.292
-1.276 0.714 0.319
-1.276 0.918 0.345
-1.276 1.122 0.369
-1.276 1.327 0.389
-1.276 1.531 0.404
-1.276 1.735 0.414
-1.276 1.939 0.418
-1.276 2.143 0.415
-1.276 2.347 0.406
-1.276 2.551 0.409
-1.276 2.755 0.420
-1.276 2.959 0.424
-1.276 3.163 0.418
-1.276 3.367 0.400
-1.276 3.571 0.373
-1.276 3.776 0.337
-1.276 3.980 0.294
-1.276 4.184 0.246
-1.276 4.388 0.193
-1.276 4.592 0.137
-1.276 4.796 0.077
-1.276 5.000 0.015
-1.173 -5.000 1.287
-1.173 -4.796 1.223
-1.173 -4.592 1.158
-1.173 -4.388 1.090
-1.173 -4.184 1.019
-1.173 -3.980 0.945
-1.173 -3.776 0.868
-1.173 -3.571 0.785
-1.173 -3.367 0.700
-1.173 -3.163 0.616
-1.173 -2.959 0.532
-1.173 -2.755 0.450
-1.173 -2.551 0.370
-1.173 -2.347 0.291
-1.173 -2.143 0.213
-1.173 -1.939 0.136
-1.173 -1.735 0.061
-1.173 -1.531 0.005
-1.173 -1.327 0.038
-1.173 -1.122 0.070
-1.173 -0.918 0.101
-1.173 -0.714 0.133
-1.173 -0.510 0.164
-1.173 -0.306 0.195
-1.173 -0.102 0.226
-1.173 0.102 0.256
-1.173 0.306 0.285
-1.173 0.510 0.313
-1.173 0.714 0.341
-1.173 0.918 0.366
-1.173 1.122 0.389
-1.173 1.327 0.408
-1.173 1.531 0.423
-1.173 1.735 0.432
-1.173 1.939 0.434
-1.173 2.143 0.429
-1.173 2.347 0.424
-1.173 2.551 0.438
-1.173 2.755 0.452
-1.173 2.959 0.455
-1.173 3.163 0.445
-1.173 3.367 0.424
-1.173 3.571 0.392
-1.173 3.776 0.352
-1.173 3.980 0.306
-1.173 4.184 0.255
-1.173 4.388 0.200
-1.173 4.592 0.142
-1.173 4.796 0.081
-1.173 5.000 0.017
-1.071 -5.000 1.226
-1.071 -4.796 1.161
-1.071 -4.592 1.094
-1.071 -4.388 1.025
-1.071 -4.184 0.952
-1.071 -3.980 0.876
-1.071 -3.776 0.794
-1.071 -3.571 0.710
-1.071 -3.367 0.626
-1.071 -3.163 0.543
-1.071 -2.959 0.462
-1.071 -2.755 0.381
-1.071 -2.551 0.302
-1.071 -2.347 0.224
-1.071 -2.143 0.148
-1.071 -1.939 0.073
-1.071 -1.735 0.000
-1.071 -1.531 0.033
-1.071 -1.327 0.064
-1.071 -1.122 0.096
-1.071 -0.918 0.127
-1.071 -0.714 0.158
-1.071 -0.510 0.188
-1.071 -0.306 0.219
-1.071 -0.102 0.249
-1.071 0.102 0.278
-1.071 0.306 0.307
-1.071 0.510 0.335
-1.071 0.714 0.362
-1.071 0.918 0.387
-1.071 1.122 0.409
-1.071 1.327 0.428
-1.071 1.531 0.441
-1.071 1.735 0.449
-1.071 1.939 0.449
-1.071 2.143 0.441
-1.071 2.347 0.451
-1.071 2.551 0.473
-1.071 2.755 0.487
-1.071 2.959 0.486
-1.071 3.163 0.471
-1.071 3.367 0.444
-1.071 3.571 0.408
-1.071 3.776 0.364
-1.071 3.980 0.315
-1.071 4.184 0.261
-1.071 4.388 0.203
-1.071 4.592 0.143
-1.071 4.796 0.081
-1.071 5.000 0.016
-0.969 -5.000 1.164
-0.969 -4.796 1.098
-0.969 -4.592 1.029
-0.969 -4.388 0.958
-0.969 -4.184 0.882
-0.969 -3.980 0.802
-0.969 -3.776 0.718
-0.969 -3.571 0.635
-0.969 -3.367 0.553
-0.969 -3.163 0.471
-0.969 -2.959 0.391
-0.969 -2.755 0.312
-0.969 -2.551 0.234
-0.969 -2.347 0.158
-0.969 -2.143 0.083
-0.969 -1.939 0.009
-0.969 -1.735 0.028
-0.969 -1.531 0.060
-0.969 -1.327 0.091
-0.969 -1.122 0.122
-0.969 -0.918 0.153
-0.969 -0.714 0.183
-0.969 -0.510 0.213
-0.969 -0.306 0.243
-0.969 -0.102 0.272
-0.969 0.102 0.302
-0.969 0.306 0.330
-0.969 0.510 0.357
-0.969 0.714 0.384
-0.969 0.918 0.408
-0.969 1.122 0.429
-0.969 1.327 0.447
-0.969 1.531 0.459
-0.969 1.735 0.464
-0.969 1.939 0.462
-0.969 2.143 0.460
-0.969 2.347 0.487
-0.969 2.551 0.512
-0.969 2.755 0.521
-0.969 2.959 0.514
-0.969 3.163 0.493
-0.969 3.367 0.461
-0.969 3.571 0.419
-0.969 3.776 0.372
-0.969 3.980 0.319
-0.969 4.184 0.262
-0.969 4.388 0.203
-0.969 4.592 0.141
-0.969 4.796 0.077
-0.969 5.000 0.010
-0.867 -5.000 1.100
-0.867 -4.796 1.032
-0.867 -4.592 0.961
-0.867 -4.388 0.887
-0.867 -4.184 0.808
-0.867 -3.980 0.725
-0.867 -3.776 0.642
-0.867 -3.571 0.561
-0.867 -3.367 0.480
-0.867 -3.163 0.400
-0.867 -2.959 0.321
-0.867 -2.755 0.244
-0.867 -2.551 0.167
-0.867 -2.347 0.092
-0.867 -2.143 0.018
-0.867 -1.939 0.024
-0.867 -1.735 0.056
-0.867 -1.531 0.087
-0.867 -1.327 0.118
-0.867 -1.122 0.148
-0.867 -0.918 0.178
-0.867 -0.714 0.208
-0.867 -0.510 0.238
-0.867 -0.306 0.267
-0.867 -0.102 0.296
-0.867 0.102 0.325
-0.867 0.306 0.353
-0.867 0.510 0.380
-0.867 0.714 0.406
-0.867 0.918 0.429
-0.867 1.122 0.450
-0.867 1.327 0.466
-0.867 1.531 0.476
-0.867 1.735 0.479
-0.867 1.939 0.473
-0.867 2.143 0.494
-0.867 2.347 0.530
-0.867 2.551 0.552
-0.867 2.755 0.554
-0.867 2.959 0.539
-0.867 3.163 0.511
-0.867 3.367 0.472
-0.867 3.571 0.426
-0.867 3.776 0.375
-0.867 3.980 0.319
-0.867 4.184 0.260
-0.867 4.388 0.199
-0.867 4.592 0.135
-0.867 4.796 0.069
-0.867 5.000 0.001
-0.765 -5.000 1.034
-0.765 -4.796 0.964
-0.765 -4.592 0.890
-0.765 -4.388 0.812
-0.765 -4.184 0.730
-0.765 -3.980 0.648
-0.765 -3.776 0.567
-0.765 -3.571 0.487
-0.765 -3.367 0.408
-0.765 -3.163 0.329
-0.765 -2.959 0.252
-0.765 -2.755 0.176
-0.765 -2.551 0.101
-0.765 -2.347 0.027
-0.765 -2.143 0.020
-0.765 -1.939 0.052
-0.765 -1.735 0.083
-0.765 -1.531 0.114
-0.765 -1.327 0.145
-0.765 -1.122 0.175
-0.765 -0.918 0.204
-0.765 -0.714 0.234
-0.765 -0.510 0.263
-0.765 -0.306 0.292
-0.765 -0.102 0.321
-0.765 0.102 0.349
-0.765 0.306 0.376
-0.765 0.510 0.403
-0.765 0.714 0.428
-0.765 0.918 0.451
-0.765 1.122 0.470
-0.765 1.327 0.484
-0.765 1.531 0.492
-0.765 1.735 0.491
-0.765 1.939 0.497
-0.765 2.143 0.541
-0.765 2.347 0.577
-0.765 2.551 0.590
-0.765 2.755 0.583
-0.765 2.959 0.559
-0.765 3.163 0.523
-0.765 3.367 0.478
-0.765 3.571 0.428
-0.765 3.776 0.373
-0.765 3.980 0.315
-0.765 4.184 0.254
-0.765 4.388 0.190
-0.765 4.592 0.125
-0.765 4.796 0.057
-0.765 5.000 0.007
-0.663 -5.000 0.965
-0.663 -4.796 0.892
-0.663 -4.592 0.815
-0.663 -4.388 0.734
-0.663 -4.184 0.653
-0.663 -3.980 0.572
-0.663 -3.776 0.493
-0.663 -3.571 0.414
-0.663 -3.367 0.336
-0.663 -3.163 0.259
-0.663 -2.959 0.183
-0.663 -2.755 0.108
-0.663 -2.551 0.034
-0.663 -2.347 0.017
-0.663 -2.143 0.049
-0.663 -1.939 0.080
-0.663 -1.735 0.111
-0.663 -1.531 0.141
-0.663 -1.327 0.171
-0.663 -1.122 0.201
-0.663 -0.918 0.230
-0.663 -0.714 0.260
-0.663 -0.510 0.288
-0.663 -0.306 0.317
-0.663 -0.102 0.345
-0.663 0.102 0.373
-0.663 0.306 0.400
-0.663 0.510 0.426
-0.663 0.714 0.451
-0.663 0.918 0.472
-0.663 1.122 0.490
-0.663 1.327 0.502
-0.663 1.531 0.506
-0.663 1.735 0.503
-0.663 1.939 0.546
-0.663 2.143 0.596
-0.663 2.347 0.623
-0.663 2.551 0.624
-0.663 2.755 0.605
-0.663 2.959 0.571
-0.663 3.163 0.529
-0.663 3.367 0.479
-0.663 3.571 0.425
-0.663 3.776 0.367
-0.663 3.980 0.306
-0.663 4.184 0.243
-0.663 4.388 0.178
-0.663 4.592 0.111
-0.663 4.796 0.042
-0.663 5.000 0.016
-0.561 -5.000 0.893
-0.561 -4.796 0.817
-0.561 -4.592 0.736
-0.561 -4.388 0.656
-0.561 -4.184 0.576
-0.561 -3.980 0.497
-0.561 -3.776 0.419
-0.561 -3.571 0.341
-0.561 -3.367 0.265
-0.561 -3.163 0.189
-0.561 -2.959 0.115
-0.561 -2.755 0.041
-0.561 -2.551 0.014
-0.561 -2.347 0.046
-0.561 -2.143 0.077
-0.561 -1.939 0.108
-0.561 -1.735 0.139
-0.561 -1.531 0.169
-0.561 -1.327 0.198
-0.561 -1.122 0.228
-0.561 -0.918 0.257
-0.561 -0.714 0.286
-0.561 -0.510 0.314
-0.561 -0.306 0.342
-0.561 -0.102 0.370
-0.561 0.102 0.398
-0.561 0.306 0.424
-0.561 0.510 0.450
-0.561 0.714 0.473
-0.561 0.918 0.494
-0.561 1.122 0.509
-0.561 1.327 0.518
-0.561 1.531 0.517
-0.561 1.735 0.545
-0.561 1.939 0.611
-0.561 2.143 0.652
-0.561 2.347 0.662
-0.561 2.551 0.648
-0.561 2.755 0.618
-0.561 2.959 0.577
-0.561 3.163 0.528
-0.561 3.367 0.475
-0.561 3.571 0.417
-0.561 3.776 0.356
-0.561 3.980 0.293
-0.561 4.184 0.228
-0.561 4.388 0.161
-0.561 4.592 0.093
-0.561 4.796 0.022
-0.561 5.000 0.027
-0.459 -5.000 0.817
-0.459 -4.796 0.737
-0.459 -4.592 0.658
-0.459 -4.388 0.579
-0.459 -4.184 0.500
-0.459 -3.980 0.422
-0.459 -3.776 0.346
-0.459 -3.571 0.269
-0.459 -3.367 0.194
-0.459 -3.163 0.120
-0.459 -2.959 0.047
-0.459 -2.755 0.011
-0.459 -2.551 0.043
-0.459 -2.347 0.074
-0.459 -2.143 0.105
-0.459 -1.939 0.136
-0.459 -1.735 0.166
-0.459 -1.531 0.196
-0.459 -1.327 0.225
-0.459 -1.122 0.254
-0.459 -0.918 0.283
-0.459 -0.714 0.312
-0.459 -0.510 0.340
-0.459 -0.306 0.368
-0.459 -0.102 0.395
-0.459 0.102 0.422
-0.459 0.306 0.449
-0.459 0.510 0.474
-0.459 0.714 0.496
-0.459 0.918 0.515
-0.459 1.122 0.527
-0.459 1.327 0.531
-0.459 1.531 0.543
-0.459 1.735 0.620
-0.459 1.939 0.678
-0.459 2.143 0.698
-0.459 2.347 0.690
-0.459 2.551 0.662
-0.459 2.755 0.622
-0.459 2.959 0.575
-0.459 3.163 0.521
-0.459 3.367 0.464
-0.459 3.571 0.404
-0.459 3.776 0.341
-0.459 3.980 0.276
-0.459 4.184 0.209
-0.459 4.388 0.140
-0.459 4.592 0.071
-0.459 4.796 0.000
-0.459 5.000 0.040
-0.357 -5.000 0.738
-0.357 -4.796 0.658
-0.357 -4.592 0.580
-0.357 -4.388 0.502
-0.357 -4.184 0.425
-0.357 -3.980 0.349
-0.357 -3.776 0.273
-0.357 -3.571 0.198
-0.357 -3.367 0.124
-0.357 -3.163 0.051
-0.357 -2.959 0.009
-0.357 -2.755 0.041
-0.357 -2.551 0.072
-0.357 -2.347 0.103
-0.357 -2.143 0.134
-0.357 -1.939 0.164
-0.357 -1.735 0.194
-0.357 -1.531 0.223
-0.357 -1.327 0.252
-0.357 -1.122 0.281
-0.357 -0.918 0.310
-0.357 -0.714 0.338
-0.357 -0.510 0.366
-0.357 -0.306 0.394
-0.357 -0.102 0.421
-0.357 0.102 0.448
-0.357 0.306 0.473
-0.357 0.510 0.498
-0.357 0.714 0.519
-0.357 0.918 0.535
-0.357 1.122 0.543
-0.357 1.327 0.544
-0.357 1.531 0.626
-0.357 1.735 0.702
-0.357 1.939 0.734
-0.357 2.143 0.730
-0.357 2.347 0.704
-0.357 2.551 0.665
-0.357 2.755 0.618
-0.357 2.959 0.565
-0.357 3.163 0.508
-0.357 3.367 0.448
-0.357 3.571 0.385
-0.357 3.776 0.320
-0.357 3.980 0.254
-0.357 4.184 0.186
-0.357 4.388 0.116
-0.357 4.592 0.045
-0.357 4.796 0.015
-0.357 5.000 0.056
-0.255 -5.000 0.658
-0.255 -4.796 0.580
-0.255 -4.592 0.503
-0.255 -4.388 0.427
-0.255 -4.184 0.351
-0.255 -3.980 0.276
-0.255 -3.776 0.201
-0.255 -3.571 0.128
-0.255 -3.367 0.055
-0.255 -3.163 0.007
-0.255 -2.959 0.039
-0.255 -2.755 0.070
-0.255 -2.551 0.101
-0.255 -2.347 0.131
-0.255 -2.143 0.162
-0.255 -1.939 0.192
-0.255 -1.735 0.221
-0.255 -1.531 0.250
-0.255 -1.327 0.279
-0.255 -1.122 0.308
-0.255 -0.918 0.336
-0.255 -0.714 0.364
-0.255 -0.510 0.392
-0.255 -0.306 0.420
-0.255 -0.102 0.447
-0.255 0.102 0.473
-0.255 0.306 0.499
-0.255 0.510 0.522
-0.255 0.714 0.541
-0.255 0.918 0.553
-0.255 1.122 0.554
-0.255 1.327 0.630
-0.255 1.531 0.727
-0.255 1.735 0.769
-0.255 1.939 0.768
-0.255 2.143 0.744
-0.255 2.347 0.706
-0.255 2.551 0.659
-0.255 2.755 0.606
-0.255 2.959 0.549
-0.255 3.163 0.489
-0.255 3.367 0.427
-0.255 3.571 0.362
-0.255 3.776 0.296
-0.255 3.980 0.228
-0.255 4.184 0.158
-0.255 4.388 0.087
-0.255 4.592 0.015
-0.255 4.796 0.032
-0.255 5.000 0.073
-0.153 -5.000 0.580
-0.153 -4.796 0.503
-0.153 -4.592 0.427
-0.153 -4.388 0.352
-0.153 -4.184 0.277
-0.153 -3.980 0.204
-0.153 -3.776 0.131
-0.153 -3.571 0.058
-0.153 -3.367 0.006
-0.153 -3.163 0.037
-0.153 -2.959 0.068
-0.153 -2.755 0.099
-0.153 -2.551 0.130
-0.153 -2.347 0.160
-0.153 -2.143 0.190
-0.153 -1.939 0.219
-0.153 -1.735 0.249
-0.153 -1.531 0.278
-0.153 -1.327 0.306
-0.153 -1.122 0.335
-0.153 -0.918 0.363
-0.153 -0.714 0.391
-0.153 -0.510 0.419
-0.153 -0.306 0.446
-0.153 -0.102 0.473
-0.153 0.102 0.499
-0.153 0.306 0.524
-0.153 0.510 0.546
-0.153 0.714 0.562
-0.153 0.918 0.567
-0.153 1.122 0.633
-0.153 1.327 0.755
-0.153 1.531 0.806
-0.153 1.735 0.807
-0.153 1.939 0.782
-0.153 2.143 0.744
-0.153 2.347 0.696
-0.153 2.551 0.644
-0.153 2.755 0.587
-0.153 2.959 0.527
-0.153 3.163 0.465
-0.153 3.367 0.400
-0.153 3.571 0.334
-0.153 3.776 0.267
-0.153 3.980 0.197
-0.153 4.184 0.127
-0.153 4.388 0.055
-0.153 4.592 0.010
-0.153 4.796 0.050
-0.153 5.000 0.091
-0.051 -5.000 0.503
-0.051 -4.796 0.427
-0.051 -4.592 0.353
-0.051 -4.388 0.278
-0.051 -4.184 0.205
-0.051 -3.980 0.132
-0.051 -3.776 0.061
-0.051 -3.571 0.005
-0.051 -3.367 0.036
-0.051 -3.163 0.067
-0.051 -2.959 0.098
-0.051 -2.755 0.128
-0.051 -2.551 0.158
-0.051 -2.347 0.188
-0.051 -2.143 0.218
-0.051 -1.939 0.247
-0.051 -1.735 0.276
-0.051 -1.531 0.305
-0.051 -1.327 0.333
-0.051 -1.122 0.362
-0.051 -0.918 0.390
-0.051 -0.714 0.417
-0.051 -0.510 0.445
-0.051 -0.306 0.472
-0.051 -0.102 0.499
-0.051 0.102 0.525
-0.051 0.306 0.549
-0.051 0.510 0.569
-0.051 0.714 0.579
-0.051 0.918 0.636
-0.051 1.122 0.790
-0.051 1.327 0.848
-0.051 1.531 0.847
-0.051 1.735 0.820
-0.051 1.939 0.779
-0.051 2.143 0.731
-0.051 2.347 0.677
-0.051 2.551 0.620
-0.051 2.755 0.561
-0.051 2.959 0.499
-0.051 3.163 0.435
-0.051 3.367 0.369
-0.051 3.571 0.302
-0.051 3.776 0.233
-0.051 3.980 0.163
-0.051 4.184 0.092
-0.051 4.388 0.019
-0.051 4.592 0.030
-0.051 4.796 0.070
-0.051 5.000 0.112
0.051 -5.000 0.427
0.051 -4.796 0.353
0.051 -4.592 0.279
0.051 -4.388 0.206
0.051 -4.184 0.134
0.051 -3.980 0.062
0.051 -3.776 0.004
0.051 -3.571 0.035
0.051 -3.367 0.066
0.051 -3.163 0.096
0.051 -2.959 0.127
0.051 -2.755 0.157
0.051 -2.551 0.186
0.051 -2.347 0.216
0.051 -2.143 0.245
0.051 -1.939 0.274
0.051 -1.735 0.303
0.051 -1.531 0.332
0.051 -1.327 0.360
0.051 -1.122 0.388
0.051 -0.918 0.416
0.051 -0.714 0.444
0.051 -0.510 0.472
0.051 -0.306 0.499
0.051 -0.102 0.526
0.051 0.102 0.552
0.051 0.306 0.575
0.051 0.510 0.590
0.051 0.714 0.641
0.051 0.918 0.837
0.051 1.122 0.895
0.051 1.327 0.888
0.051 1.531 0.856
0.051 1.735 0.812
0.051 1.939 0.761
0.051 2.143 0.707
0.051 2.347 0.650
0.051 2.551 0.590
0.051 2.755 0.528
0.051 2.959 0.465
0.051 3.163 0.400
0.051 3.367 0.333
0.051 3.571 0.265
0.051 3.776 0.196
0.051 3.980 0.125
0.051 4.184 0.053
0.051 4.388 0.011
0.051 4.592 0.051
0.051 4.796 0.092
0.051 5.000 0.134
0.153 -5.000 0.352
0.153 -4.796 0.279
0.153 -4.592 0.207
0.153 -4.388 0.135
0.153 -4.184 0.064
0.153 -3.980 0.003
0.153 -3.776 0.034
0.153 -3.571 0.065
0.153 -3.367 0.095
0.153 -3.163 0.125
0.153 -2.959 0.155
0.153 -2.755 0.185
0.153 -2.551 0.215
0.153 -2.347 0.244
0.153 -2.143 0.273
0.153 -1.939 0.302
0.153 -1.735 0.330
0.153 -1.531 0.359
0.153 -1.327 0.387
0.153 -1.122 0.415
0.153 -0.918 0.443
0.153 -0.714 0.471
0.153 -0.510 0.499
0.153 -0.306 0.526
0.153 -0.102 0.553
0.153 0.102 0.579
0.153 0.306 0.599
0.153 0.510 0.652
0.153 0.714 0.902
0.153 0.918 0.945
0.153 1.122 0.927
0.153 1.327 0.890
0.153 1.531 0.842
0.153 1.735 0.789
0.153 1.939 0.733
0.153 2.143 0.675
0.153 2.347 0.616
0.153 2.551 0.554
0.153 2.755 0.491
0.153 2.959 0.427
0.153 3.163 0.361
0.153 3.367 0.294
0.153 3.571 0.225
0.153 3.776 0.155
0.153 3.980 0.083
0.153 4.184 0.010
0.153 4.388 0.034
0.153 4.592 0.075
0.153 4.796 0.116
0.153 5.000 0.158
0.255 -5.000 0.279
0.255 -4.796 0.207
0.255 -4.592 0.136
0.255 -4.388 0.065
0.255 -4.184 0.002
0.255 -3.980 0.033
0.255 -3.776 0.064
0.255 -3.571 0.094
0.255 -3.367 0.124
0.255 -3.163 0.154
0.255 -2.959 0.184
0.255 -2.755 0.213
0.255 -2.551 0.242
0.255 -2.347 0.271
0.255 -2.143 0.300
0.255 -1.939 0.329
0.255 -1.735 0.357
0.255 -1.531 0.385
0.255 -1.327 0.414
0.255 -1.122 0.442
0.255 -0.918 0.470
0.255 -0.714 0.498
0.255 -0.510 0.525
0.255 -0.306 0.553
0.255 -0.102 0.580
0.255 0.102 0.605
0.255 0.306 0.676
0.255 0.510 0.984
0.255 0.714 0.994
0.255 0.918 0.962
0.255 1.122 0.919
0.255 1.327 0.868
0.255 1.531 0.814
0.255 1.735 0.756
0.255 1.939 0.698
0.255 2.143 0.638
0.255 2.347 0.576
0.255 2.551 0.513
0.255 2.755 0.450
0.255 2.959 0.384
0.255 3.163 0.318
0.255 3.367 0.250
0.255 3.571 0.181
0.255 3.776 0.110
0.255 3.980 0.038
0.255 4.184 0.019
0.255 4.388 0.059
0.255 4.592 0.100
0.255 4.796 0.142
0.255 5.000 0.184
0.357 -5.000 0.208
0.357 -4.796 0.137
0.357 -4.592 0.067
0.357 -4.388 0.001
0.357 -4.184 0.032
0.357 -3.980 0.063
0.357 -3.776 0.093
0.357 -3.571 0.123
0.357 -3.367 0.153
0.357 -3.163 0.183
0.357 -2.959 0.212
0.357 -2.755 0.241
0.357 -2.551 0.270
0.357 -2.347 0.299
0.357 -2.143 0.327
0.357 -1.939 0.356
0.357 -1.735 0.384
0.357 -1.531 0.412
0.357 -1.327 0.440
0.357 -1.122 0.468
0.357 -0.918 0.496
0.357 -0.714 0.524
0.357 -0.510 0.552
0.357 -0.306 0.580
0.357 -0.102 0.608
0.357 0.102 0.790
0.357 0.306 1.064
0.357 0.510 1.033
0.357 0.714 0.989
0.357 0.918 0.941
0.357 1.122 0.889
0.357 1.327 0.833
0.357 1.531 0.775
0.357 1.735 0.716
0.357 1.939 0.656
0.357 2.143 0.595
0.357 2.347 0.532
0.357 2.551 0.469
0.357 2.755 0.404
0.357 2.959 0.338
0.357 3.163 0.271
0.357 3.367 0.202
0.357 3.571 0.133
0.357 3.776 0.061
0.357 3.980 0.006
0.357 4.184 0.046
0.357 4.388 0.086
0.357 4.592 0.127
0.357 4.796 0.169
0.357 5.000 0.212
0.459 -5.000 0.138
0.459 -4.796 0.068
0.459 -4.592 0.000
0.459 -4.388 0.031
0.459 -4.184 0.062
0.459 -3.980 0.092
0.459 -3.776 0.122
0.459 -3.571 0.152
0.459 -3.367 0.182
0.459 -3.163 0.211
0.459 -2.959 0.240
0.459 -2.755 0.269
0.459 -2.551 0.297
0.459 -2.347 0.325
0.459 -2.143 0.354
0.459 -1.939 0.382
0.459 -1.735 0.410
0.459 -1.531 0.438
0.459 -1.327 0.466
0.459 -1.122 0.494
0.459 -0.918 0.522
0.459 -0.714 0.550
0.459 -0.510 0.578
0.459 -0.306 0.606
0.459 -0.102 0.791
0.459 0.102 1.098
0.459 0.306 1.052
0.459 0.510 1.005
0.459 0.714 0.955
0.459 0.918 0.903
0.459 1.122 0.847
0.459 1.327 0.790
0.459 1.531 0.731
0.459 1.735 0.671
0.459 1.939 0.610
0.459 2.143 0.548
0.459 2.347 0.484
0.459 2.551 0.420
0.459 2.755 0.355
0.459 2.959 0.288
0.459 3.163 0.221
0.459 3.367 0.151
0.459 3.571 0.081
0.459 3.776 0.009
0.459 3.980 0.034
0.459 4.184 0.074
0.459 4.388 0.115
0.459 4.592 0.156
0.459 4.796 0.198
0.459 5.000 0.241
0.561 -5.000 0.071
0.561 -4.796 0.002
0.561 -4.592 0.030
0.561 -4.388 0.061
0.561 -4.184 0.091
0.561 -3.980 0.121
0.561 -3.776 0.151
0.561 -3.571 0.180
0.561 -3.367 0.209
0.561 -3.163 0.238
0.561 -2.959 0.267
0.561 -2.755 0.295
0.561 -2.551 0.324
0.561 -2.347 0.352
0.561 -2.143 0.380
0.561 -1.939 0.408
0.561 -1.735 0.435
0.561 -1.531 0.463
0.561 -1.327 0.491
0.561 -1.122 0.518
0.561 -0.918 0.546
0.561 -0.714 0.573
0.561 -0.510 0.599
0.561 -0.306 0.621
0.561 -0.102 1.039
0.561 0.102 1.044
0.561 0.306 1.006
0.561 0.510 0.959
0.561 0.714 0.909
0.561 0.918 0.855
0.561 1.122 0.799
0.561 1.327 0.741
0.561 1.531 0.682
0.561 1.735 0.621
0.561 1.939 0.560
0.561 2.143 0.497
0.561 2.347 0.434
0.561 2.551 0.369
0.561 2.755 0.302
0.561 2.959 0.235
0.561 3.163 0.167
0.561 3.367 0.097
0.561 3.571 0.026
0.561 3.776 0.025
0.561 3.980 0.064
0.561 4.184 0.104
0.561 4.388 0.145
0.561 4.592 0.187
0.561 4.796 0.229
0.561 5.000 0.272
0.663 -5.000 0.005
0.663 -4.796 0.028
0.663 -4.592 0.059
0.663 -4.388 0.089
0.663 -4.184 0.119
0.663 -3.980 0.149
0.663 -3.776 0.178
0.663 -3.571 0.208
0.663 -3.367 0.236
0.663 -3.163 0.265
0.663 -2.959 0.293
0.663 -2.755 0.321
0.663 -2.551 0.349
0.663 -2.347 0.377
0.663 -2.143 0.405
0.663 -1.939 0.432
0.663 -1.735 0.460
0.663 -1.531 0.487
0.663 -1.327 0.514
0.663 -1.122 0.541
0.663 -0.918 0.567
0.663 -0.714 0.590
0.663 -0.510 0.604
0.663 -0.306 0.918
0.663 -0.102 1.007
0.663 0.102 0.992
0.663 0.306 0.954
0.663 0.510 0.908
0.663 0.714 0.857
0.663 0.918 0.802
0.663 1.122 0.746
0.663 1.327 0.688
0.663 1.531 0.629
0.663 1.735 0.569
0.663 1.939 0.507
0.663 2.143 0.444
0.663 2.347 0.380
0.663 2.551 0.314
0.663 2.755 0.247
0.663 2.959 0.179
0.663 3.163 0.110
0.663 3.367 0.039
0.663 3.571 0.017
0.663 3.776 0.056
0.663 3.980 0.096
0.663 4.184 0.137
0.663 4.388 0.178
0.663 4.592 0.220
0.663 4.796 0.262
0.663 5.000 0.306
0.765 -5.000 0.026
0.765 -4.796 0.057
0.765 -4.592 0.087
0.765 -4.388 0.117
0.765 -4.184 0.147
0.765 -3.980 0.176
0.765 -3.776 0.205
0.765 -3.571 0.234
0.765 -3.367 0.263
0.765 -3.163 0.291
0.765 -2.959 0.319
0.765 -2.755 0.347
0.765 -2.551 0.374
0.765 -2.347 0.402
0.765 -2.143 0.429
0.765 -1.939 0.456
0.765 -1.735 0.482
0.765 -1.531 0.509
0.765 -1.327 0.534
0.765 -1.122 0.559
0.765 -0.918 0.579
0.765 -0.714 0.591
0.765 -0.510 0.804
0.765 -0.306 0.947
0.765 -0.102 0.963
0.765 0.102 0.939
0.765 0.306 0.900
0.765 0.510 0.853
0.765 0.714 0.801
0.765 0.918 0.746
0.765 1.122 0.690
0.765 1.327 0.633
0.765 1.531 0.574
0.765 1.735 0.513
0.765 1.939 0.451
0.765 2.143 0.388
0.765 2.347 0.323
0.765 2.551 0.256
0.765 2.755 0.189
0.765 2.959 0.120
0.765 3.163 0.050
0.765 3.367 0.011
0.765 3.571 0.050
0.765 3.776 0.090
0.765 3.980 0.130
0.765 4.184 0.171
0.765 4.388 0.212
0.765 4.592 0.254
0.765 4.796 0.297
0.765 5.000 0.341
0.867 -5.000 0.054
0.867 -4.796 0.085
0.867 -4.592 0.115
0.867 -4.388 0.144
0.867 -4.184 0.174
0.867 -3.980 0.203
0.867 -3.776 0.231
0.867 -3.571 0.260
0.867 -3.367 0.288
0.867 -3.163 0.316
0.867 -2.959 0.343
0.867 -2.755 0.371
0.867 -2.551 0.398
0.867 -2.347 0.424
0.867 -2.143 0.451
0.867 -1.939 0.477
0.867 -1.735 0.502
0.867 -1.531 0.527
0.867 -1.327 0.549
0.867 -1.122 0.568
0.867 -0.918 0.577
0.867 -0.714 0.725
0.867 -0.510 0.876
0.867 -0.306 0.923
0.867 -0.102 0.915
0.867 0.102 0.885
0.867 0.306 0.843
0.867 0.510 0.795
0.867 0.714 0.743
0.867 0.918 0.689
0.867 1.122 0.633
0.867 1.327 0.575
0.867 1.531 0.516
0.867 1.735 0.455
0.867 1.939 0.392
0.867 2.143 0.328
0.867 2.347 0.263
0.867 2.551 0.196
0.867 2.755 0.127
0.867 2.959 0.058
0.867 3.163 0.007
0.867 3.367 0.046
0.867 3.571 0.085
0.867 3.776 0.125
0.867 3.980 0.166
0.867 4.184 0.207
0.867 4.388 0.249
0.867 4.592 0.291
0.867 4.796 0.334
0.867 5.000 0.378
0.969 -5.000 0.081
0.969 -4.796 0.111
0.969 -4.592 0.141
0.969 -4.388 0.170
0.969 -4.184 0.199
0.969 -3.980 0.228
0.969 -3.776 0.256
0.969 -3.571 0.284
0.969 -3.367 0.312
0.969 -3.163 0.339
0.969 -2.959 0.366
0.969 -2.755 0.393
0.969 -2.551 0.419
0.969 -2.347 0.445
0.969 -2.143 0.471
0.969 -1.939 0.495
0.969 -1.735 0.518
0.969 -1.531 0.539
0.969 -1.327 0.555
0.969 -1.122 0.564
0.969 -0.918 0.671
0.969 -0.714 0.809
0.969 -0.510 0.874
0.969 -0.306 0.884
0.969 -0.102 0.864
0.969 0.102 0.829
0.969 0.306 0.785
0.969 0.510 0.736
0.969 0.714 0.684
0.969 0.918 0.630
0.969 1.122 0.573
0.969 1.327 0.515
0.969 1.531 0.455
0.969 1.735 0.394
0.969 1.939 0.331
0.969 2.143 0.267
0.969 2.347 0.200
0.969 2.551 0.132
0.969 2.755 0.063
0.969 2.959 0.004
0.969 3.163 0.043
0.969 3.367 0.082
0.969 3.571 0.122
0.969 3.776 0.162
0.969 3.980 0.203
0.969 4.184 0.245
0.969 4.388 0.287
0.969 4.592 0.330
0.969 4.796 0.374
0.969 5.000 0.418
1.071 -5.000 0.107
1.071 -4.796 0.137
1.071 -4.592 0.166
1.071 -4.388 0.195
1.071 -4.184 0.224
1.071 -3.980 0.252
1.071 -3.776 0.280
1.071 -3.571 0.307
1.071 -3.367 0.334
1.071 -3.163 0.361
1.071 -2.959 0.387
1.071 -2.755 0.413
1.071 -2.551 0.438
1.071 -2.347 0.463
1.071 -2.143 0.486
1.071 -1.939 0.508
1.071 -1.735 0.527
1.071 -1.531 0.542
1.071 -1.327 0.550
1.071 -1.122 0.632
1.071 -0.918 0.751
1.071 -0.714 0.823
1.071 -0.510 0.846
1.071 -0.306 0.837
1.071 -0.102 0.809
1.071 0.102 0.771
1.071 0.306 0.726
1.071 0.510 0.676
1.071 0.714 0.624
1.071 0.918 0.569
1.071 1.122 0.512
1.071 1.327 0.453
1.071 1.531 0.393
1.071 1.735 0.331
1.071 1.939 0.267
1.071 2.143 0.202
1.071 2.347 0.135
1.071 2.551 0.066
1.071 2.755 0.002
1.071 2.959 0.041
1.071 3.163 0.080
1.071 3.367 0.120
1.071 3.571 0.161
1.071 3.776 0.202
1.071 3.980 0.243
1.071 4.184 0.285
1.071 4.388 0.328
1.071 4.592 0.371
1.071 4.796 0.415
1.071 5.000 0.460
1.173 -5.000 0.132
1.173 -4.796 0.161
1.173 -4.592 0.190
1.173 -4.388 0.218
1.173 -4.184 0.246
1.173 -3.980 0.274
1.173 -3.776 0.301
1.173 -3.571 0.328
1.173 -3.367 0.355
1.173 -3.163 0.381
1.173 -2.959 0.406
1.173 -2.755 0.431
1.173 -2.551 0.454
1.173 -2.347 0.477
1.173 -2.143 0.497
1.173 -1.939 0.515
1.173 -1.735 0.528
1.173 -1.531 0.536
1.173 -1.327 0.602
1.173 -1.122 0.702
1.173 -0.918 0.774
1.173 -0.714 0.805
1.173 -0.510 0.805
1.173 -0.306 0.786
1.173 -0.102 0.753
1.173 0.102 0.712
1.173 0.306 0.666
1.173 0.510 0.615
1.173 0.714 0.562
1.173 0.918 0.506
1.173 1.122 0.449
1.173 1.327 0.389
1.173 1.531 0.328
1.173 1.735 0.265
1.173 1.939 0.201
1.173 2.143 0.134
1.173 2.347 0.066
1.173 2.551 0.002
1.173 2.755 0.040
1.173 2.959 0.079
1.173 3.163 0.119
1.173 3.367 0.160
1.173 3.571 0.201
1.173 3.776 0.243
1.173 3.980 0.285
1.173 4.184 0.328
1.173 4.388 0.371
1.173 4.592 0.415
1.173 4.796 0.459
1.173 5.000 0.504
1.276 -5.000 0.155
1.276 -4.796 0.184
1.276 -4.592 0.212
1.276 -4.388 0.240
1.276 -4.184 0.267
1.276 -3.980 0.294
1.276 -3.776 0.321
1.276 -3.571 0.347
1.276 -3.367 0.373
1.276 -3.163 0.397
1.276 -2.959 0.421
1.276 -2.755 0.444
1.276 -2.551 0.466
1.276 -2.347 0.485
1.276 -2.143 0.501
1.276 -1.939 0.513
1.276 -1.735 0.522
1.276 -1.531 0.576
1.276 -1.327 0.660
1.276 -1.122 0.728
1.276 -0.918 0.764
1.276 -0.714 0.772
1.276 -0.510 0.759
1.276 -0.306 0.732
1.276 -0.102 0.695
1.276 0.102 0.652
1.276 0.306 0.604
1.276 0.510 0.553
1.276 0.714 0.499
1.276 0.918 0.442
1.276 1.122 0.384
1.276 1.327 0.323
1.276 1.531 0.261
1.276 1.735 0.197
1.276 1.939 0.131
1.276 2.143 0.064
1.276 2.347 0.003
1.276 2.551 0.041
1.276 2.755 0.080
1.276 2.959 0.120
1.276 3.163 0.161
1.276 3.367 0.202
1.276 3.571 0.244
1.276 3.776 0.287
1.276 3.980 0.330
1.276 4.184 0.373
1.276 4.388 0.417
1.276 4.592 0.461
1.276 4.796 0.506
1.276 5.000 0.551
1.378 -5.000 0.176
1.378 -4.796 0.204
1.378 -4.592 0.232
1.378 -4.388 0.259
1.378 -4.184 0.286
1.378 -3.980 0.313
1.378 -3.776 0.338
1.378 -3.571 0.363
1.378 -3.367 0.388
1.378 -3.163 0.411
1.378 -2.959 0.433
1.378 -2.755 0.453
1.378 -2.551 0.471
1.378 -2.347 0.487
1.378 -2.143 0.498
1.378 -1.939 0.507
1.378 -1.735 0.553
1.378 -1.531 0.623
1.378 -1.327 0.685
1.378 -1.122 0.723
1.378 -0.918 0.736
1.378 -0.714 0.729
1.378 -0.510 0.707
1.378 -0.306 0.675
1.378 -0.102 0.636
1.378 0.102 0.591
1.378 0.306 0.541
1.378 0.510 0.489
1.378 0.714 0.434
1.378 0.918 0.376
1.378 1.122 0.316
1.378 1.327 0.255
1.378 1.531 0.191
1.378 1.735 0.126
1.378 1.939 0.059
1.378 2.143 0.005
1.378 2.347 0.043
1.378 2.551 0.082
1.378 2.755 0.122
1.378 2.959 0.162
1.378 3.163 0.204
1.378 3.367 0.246
1.378 3.571 0.289
1.378 3.776 0.332
1.378 3.980 0.376
1.378 4.184 0.420
1.378 4.388 0.465
1.378 4.592 0.509
1.378 4.796 0.554
1.378 5.000 0.600
1.480 -5.000 0.195
1.480 -4.796 0.223
1.480 -4.592 0.250
1.480 -4.388 0.277
1.480 -4.184 0.303
1.480 -3.980 0.328
1.480 -3.776 0.353
1.480 -3.571 0.376
1.480 -3.367 0.399
1.480 -3.163 0.420
1.480 -2.959 0.440
1.480 -2.755 0.457
1.480 -2.551 0.471
1.480 -2.347 0.481
1.480 -2.143 0.492
1.480 -1.939 0.532
1.480 -1.735 0.591
1.480 -1.531 0.646
1.480 -1.327 0.684
1.480 -1.122 0.700
1.480 -0.918 0.698
1.480 -0.714 0.681
1.480 -0.510 0.653
1.480 -0.306 0.617
1.480 -0.102 0.575
1.480 0.102 0.528
1.480 0.306 0.477
1.480 0.510 0.423
1.480 0.714 0.367
1.480 0.918 0.308
1.480 1.122 0.247
1.480 1.327 0.184
1.480 1.531 0.119
1.480 1.735 0.052
1.480 1.939 0.009
1.480 2.143 0.047
1.480 2.347 0.085
1.480 2.551 0.125
1.480 2.755 0.166
1.480 2.959 0.207
1.480 3.163 0.249
1.480 3.367 0.292
1.480 3.571 0.336
1.480 3.776 0.380
1.480 3.980 0.425
1.480 4.184 0.470
1.480 4.388 0.515
1.480 4.592 0.560
1.480 4.796 0.606
1.480 5.000 0.652
1.582 -5.000 0.213
1.582 -4.796 0.240
1.582 -4.592 0.266
1.582 -4.388 0.291
1.582 -4.184 0.316
1.582 -3.980 0.340
1.582 -3.776 0.364
1.582 -3.571 0.386
1.582 -3.367 0.406
1.582 -3.163 0.425
1.582 -2.959 0.441
1.582 -2.755 0.454
1.582 -2.551 0.464
1.582 -2.347 0.475
1.582 -2.143 0.511
1.582 -1.939 0.561
1.582 -1.735 0.610
1.582 -1.531 0.646
1.582 -1.327 0.664
1.582 -1.122 0.665
1.582 -0.918 0.652
1.582 -0.714 0.628
1.582 -0.510 0.596
1.582 -0.306 0.556
1.582 -0.102 0.512
1.582 0.102 0.463
1.582 0.306 0.411
1.582 0.510 0.355
1.582 0.714 0.297
1.582 0.918 0.237
1.582 1.122 0.175
1.582 1.327 0.110
1.582 1.531 0.044
1.582 1.735 0.013
1.582 1.939 0.051
1.582 2.143 0.090
1.582 2.347 0.129
1.582 2.551 0.170
1.582 2.755 0.211
1.582 2.959 0.254
1.582 3.163 0.297
1.582 3.367 0.341
1.582 3.571 0.385
1.582 3.776 0.430
1.582 3.980 0.475
1.582 4.184 0.521
1.582 4.388 0.567
1.582 4.592 0.613
1.582 4.796 0.660
1.582 5.000 0.706
1.684 -5.000 0.227
1.684 -4.796 0.253
1.684 -4.592 0.279
1.684 -4.388 0.303
1.684 -4.184 0.327
1.684 -3.980 0.349
1.684 -3.776 0.371
1.684 -3.571 0.390
1.684 -3.367 0.408
1.684 -3.163 0.424
1.684 -2.959 0.437
1.684 -2.755 0.446
1.684 -2.551 0.458
1.684 -2.347 0.489
1.684 -2.143 0.532
1.684 -1.939 0.575
1.684 -1.735 0.609
1.684 -1.531 0.628
1.684 -1.327 0.632
1.684 -1.122 0.622
1.684 -0.918 0.602
1.684 -0.714 0.572
1.684 -0.510 0.536
1.684 -0.306 0.494
1.684 -0.102 0.447
1.684 0.102 0.396
1.684 0.306 0.342
1.684 0.510 0.286
1.684 0.714 0.226
1.684 0.918 0.164
1.684 1.122 0.100
1.684 1.327 0.034
1.684 1.531 0.019
1.684 1.735 0.056
1.684 1.939 0.095
1.684 2.143 0.135
1.684 2.347 0.175
1.684 2.551 0.217
1.684 2.755 0.259
1.684 2.959 0.302
1.684 3.163 0.346
1.684 3.367 0.391
1.684 3.571 0.436
1.684 3.776 0.482
1.684 3.980 0.529
1.684 4.184 0.575
1.684 4.388 0.622
1.684 4.592 0.669
1.684 4.796 0.716
1.684 5.000 0.763
1.786 -5.000 0.239
1.786 -4.796 0.264
1.786 -4.592 0.288
1.786 -4.388 0.311
1.786 -4.184 0.333
1.786 -3.980 0.354
1.786 -3.776 0.373
1.786 -3.571 0.391
1.786 -3.367 0.406
1.786 -3.163 0.418
1.786 -2.959 0.427
1.786 -2.755 0.440
1.786 -2.551 0.468
1.786 -2.347 0.505
1.786 -2.143 0.543
1.786 -1.939 0.573
1.786 -1.735 0.592
1.786 -1.531 0.598
1.786 -1.327 0.591
1.786 -1.122 0.574
1.786 -0.918 0.547
1.786 -0.714 0.514
1.786 -0.510 0.474
1.786 -0.306 0.429
1.786 -0.102 0.380
1.786 0.102 0.328
1.786 0.306 0.272
1.786 0.510 0.213
1.786 0.714 0.152
1.786 0.918 0.088
1.786 1.122 0.022
1.786 1.327 0.025
1.786 1.531 0.062
1.786 1.735 0.101
1.786 1.939 0.141
1.786 2.143 0.182
1.786 2.347 0.223
1.786 2.551 0.266
1.786 2.755 0.309
1.786 2.959 0.353
1.786 3.163 0.398
1.786 3.367 0.444
1.786 3.571 0.490
1.786 3.776 0.537
1.786 3.980 0.584
1.786 4.184 0.631
1.786 4.388 0.679
1.786 4.592 0.726
1.786 4.796 0.774
1.786 5.000 0.822
1.888 -5.000 0.248
1.888 -4.796 0.272
1.888 -4.592 0.295
1.888 -4.388 0.316
1.888 -4.184 0.336
1.888 -3.980 0.355
1.888 -3.776 0.372
1.888 -3.571 0.386
1.888 -3.367 0.398
1.888 -3.163 0.407
1.888 -2.959 0.420
1.888 -2.755 0.445
1.888 -2.551 0.478
1.888 -2.347 0.511
1.888 -2.143 0.538
1.888 -1.939 0.557
1.888 -1.735 0.563
1.888 -1.531 0.559
1.888 -1.327 0.544
1.888 -1.122 0.520
1.888 -0.918 0.489
1.888 -0.714 0.452
1.888 -0.510 0.409
1.888 -0.306 0.362
1.888 -0.102 0.311
1.888 0.102 0.257
1.888 0.306 0.199
1.888 0.510 0.138
1.888 0.714 0.075
1.888 0.918 0.010
1.888 1.122 0.032
1.888 1.327 0.069
1.888 1.531 0.108
1.888 1.735 0.148
1.888 1.939 0.189
1.888 2.143 0.231
1.888 2.347 0.273
1.888 2.551 0.317
1.888 2.755 0.361
1.888 2.959 0.406
1.888 3.163 0.452
1.888 3.367 0.499
1.888 3.571 0.546
1.888 3.776 0.593
1.888 3.980 0.641
1.888 4.184 0.689
1.888 4.388 0.738
1.888 4.592 0.786
1.888 4.796 0.835
1.888 5.000 0.883
1.990 -5.000 0.254
1.990 -4.796 0.276
1.990 -4.592 0.297
1.990 -4.388 0.317
1.990 -4.184 0.335
1.990 -3.980 0.351
1.990 -3.776 0.365
1.990 -3.571 0.377
1.990 -3.367 0.386
1.990 -3.163 0.400
1.990 -2.959 0.422
1.990 -2.755 0.450
1.990 -2.551 0.480
1.990 -2.347 0.505
1.990 -2.143 0.522
1.990 -1.939 0.529
1.990 -1.735 0.526
1.990 -1.531 0.513
1.990 -1.327 0.492
1.990 -1.122 0.464
1.990 -0.918 0.429
1.990 -0.714 0.388
1.990 -0.510 0.343
1.990 -0.306 0.293
1.990 -0.102 0.240
1.990 0.102 0.183
1.990 0.306 0.123
1.990 0.510 0.061
1.990 0.714 0.002
1.990 0.918 0.039
1.990 1.122 0.077
1.990 1.327 0.116
1.990 1.531 0.156
1.990 1.735 0.197
1.990 1.939 0.239
1.990 2.143 0.282
1.990 2.347 0.326
1.990 2.551 0.370
1.990 2.755 0.416
1.990 2.959 0.462
1.990 3.163 0.509
1.990 3.367 0.556
1.990 3.571 0.604
1.990 3.776 0.652
1.990 3.980 0.701
1.990 4.184 0.750
1.990 4.388 0.799
1.990 4.592 0.848
1.990 4.796 0.897
1.990 5.000 0.947
2.092 -5.000 0.256
2.092 -4.796 0.277
2.092 -4.592 0.296
2.092 -4.388 0.314
2.092 -4.184 0.330
2.092 -3.980 0.344
2.092 -3.776 0.355
2.092 -3.571 0.364
2.092 -3.367 0.378
2.092 -3.163 0.399
2.092 -2.959 0.423
2.092 -2.755 0.449
2.092 -2.551 0.471
2.092 -2.347 0.487
2.092 -2.143 0.494
2.092 -1.939 0.493
2.092 -1.735 0.482
2.092 -1.531 0.463
2.092 -1.327 0.436
2.092 -1.122 0.404
2.092 -0.918 0.365
2.092 -0.714 0.321
2.092 -0.510 0.273
2.092 -0.306 0.221
2.092 -0.102 0.166
2.092 0.102 0.107
2.092 0.306 0.045
2.092 0.510 0.011
2.092 0.714 0.048
2.092 0.918 0.086
2.092 1.122 0.125
2.092 1.327 0.165
2.092 1.531 0.206
2.092 1.735 0.248
2.092 1.939 0.291
2.092 2.143 0.335
2.092 2.347 0.380
2.092 2.551 0.426
2.092 2.755 0.472
2.092 2.959 0.519
2.092 3.163 0.567
2.092 3.367 0.615
2.092 3.571 0.664
2.092 3.776 0.713
2.092 3.980 0.762
2.092 4.184 0.812
2.092 4.388 0.862
2.092 4.592 0.912
2.092 4.796 0.962
2.092 5.000 1.012
2.194 -5.000 0.255
2.194 -4.796 0.274
2.194 -4.592 0.291
2.194 -4.388 0.307
2.194 -4.184 0.321
2.194 -3.980 0.332
2.194 -3.776 0.341
2.194 -3.571 0.355
2.194 -3.367 0.374
2.194 -3.163 0.396
2.194 -2.959 0.418
2.194 -2.755 0.438
2.194 -2.551 0.452
2.194 -2.347 0.459
2.194 -2.143 0.459
2.194 -1.939 0.449
2.194 -1.735 0.432
2.194 -1.531 0.408
2.194 -1.327 0.377
2.194 -1.122 0.340
2.194 -0.918 0.298
2.194 -0.714 0.252
2.194 -0.510 0.201
2.194 -0.306 0.147
2.194 -0.102 0.089
2.194 0.102 0.028
2.194 0.306 0.020
2.194 0.510 0.057
2.194 0.714 0.095
2.194 0.918 0.134
2.194 1.122 0.174
2.194 1.327 0.215
2.194 1.531 0.258
2.194 1.735 0.301
2.194 1.939 0.346
2.194 2.143 0.391
2.194 2.347 0.437
2.194 2.551 0.484
2.194 2.755 0.531
2.194 2.959 0.579
2.194 3.163 0.628
2.194 3.367 0.677
2.194 3.571 0.726
2.194 3.776 0.776
2.194 3.980 0.826
2.194 4.184 0.877
2.194 4.388 0.927
2.194 4.592 0.978
2.194 4.796 1.028
2.194 5.000 1.079
2.296 -5.000 0.251
2.296 -4.796 0.268
2.296 -4.592 0.283
2.296 -4.388 0.296
2.296 -4.184 0.308
2.296 -3.980 0.318
2.296 -3.776 0.331
2.296 -3.571 0.348
2.296 -3.367 0.368
2.296 -3.163 0.387
2.296 -2.959 0.405
2.296 -2.755 0.418
2.296 -2.551 0.425
2.296 -2.347 0.424
2.296 -2.143 0.416
2.296 -1.939 0.401
2.296 -1.735 0.378
2.296 -1.531 0.349
2.296 -1.327 0.314
2.296 -1.122 0.274
2.296 -0.918 0.229
2.296 -0.714 0.180
2.296 -0.510 0.126
2.296 -0.306 0.069
2.296 -0.102 0.009
2.296 0.102 0.030
2.296 0.306 0.067
2.296 0.510 0.105
2.296 0.714 0.144
2.296 0.918 0.184
2.296 1.122 0.226
2.296 1.327 0.268
2.296 1.531 0.312
2.296 1.735 0.357
2.296 1.939 0.402
2.296 2.143 0.449
2.296 2.347 0.496
2.296 2.551 0.543
2.296 2.755 0.592
2.296 2.959 0.641
2.296 3.163 0.690
2.296 3.367 0.740
2.296 3.571 0.791
2.296 3.776 0.841
2.296 3.980 0.892
2.296 4.184 0.943
2.296 4.388 0.994
2.296 4.592 1.045
2.296 4.796 1.097
2.296 5.000 1.148
2.398 -5.000 0.243
2.398 -4.796 0.258
2.398 -4.592 0.271
2.398 -4.388 0.282
2.398 -4.184 0.293
2.398 -3.980 0.306
2.398 -3.776 0.322
2.398 -3.571 0.339
2.398 -3.367 0.356
2.398 -3.163 0.372
2.398 -2.959 0.383
2.398 -2.755 0.390
2.398 -2.551 0.390
2.398 -2.347 0.382
2.398 -2.143 0.368
2.398 -1.939 0.347
2.398 -1.735 0.320
2.398 -1.531 0.287
2.398 -1.327 0.248
2.398 -1.122 0.205
2.398 -0.918 0.157
2.398 -0.714 0.105
2.398 -0.510 0.049
2.398 -0.306 0.006
2.398 -0.102 0.041
2.398 0.102 0.077
2.398 0.306 0.115
2.398 0.510 0.155
2.398 0.714 0.195
2.398 0.918 0.237
2.398 1.122 0.280
2.398 1.327 0.324
2.398 1.531 0.369
2.398 1.735 0.414
2.398 1.939 0.461
2.398 2.143 0.509
2.398 2.347 0.557
2.398 2.551 0.606
2.398 2.755 0.655
2.398 2.959 0.705
2.398 3.163 0.755
2.398 3.367 0.806
2.398 3.571 0.857
2.398 3.776 0.909
2.398 3.980 0.960
2.398 4.184 1.012
2.398 4.388 1.063
2.398 4.592 1.115
2.398 4.796 1.167
2.398 5.000 1.219
2.500 -5.000 0.231
2.500 -4.796 0.245
2.500 -4.592 0.256
2.500 -4.388 0.267
2.500 -4.184 0.280
2.500 -3.980 0.294
2.500 -3.776 0.310
2.500 -3.571 0.325
2.500 -3.367 0.339
2.500 -3.163 0.349
2.500 -2.959 0.355
2.500 -2.755 0.354
2.500 -2.551 0.348
2.500 -2.347 0.335
2.500 -2.143 0.316
2.500 -1.939 0.290
2.500 -1.735 0.258
2.500 -1.531 0.221
2.500 -1.327 0.179
2.500 -1.122 0.133
2.500 -0.918 0.082
2.500 -0.714 0.027
2.500 -0.510 0.018
2.500 -0.306 0.053
2.500 -0.102 0.089
2.500 0.102 0.127
2.500 0.306 0.166
2.500 0.510 0.207
2.500 0.714 0.248
2.500 0.918 0.292
2.500 1.122 0.336
2.500 1.327 0.381
2.500 1.531 0.427
2.500 1.735 0.474
2.500 1.939 0.522
2.500 2.143 0.571
2.500 2.347 0.620
2.500 2.551 0.670
2.500 2.755 0.720
2.500 2.959 0.771
2.500 3.163 0.822
2.500 3.367 0.874
2.500 3.571 0.926
2.500 3.776 0.978
2.500 3.980 1.030
2.500 4.184 1.082
2.500 4.388 1.135
2.500 4.592 1.187
2.500 4.796 1.239
2.500 5.000 1.291
