x y
-1.000000e-01 1.000000e-01
-1.273150e-01 1.108613e-01
-1.567963e-01 1.192033e-01
-1.873137e-01 1.241202e-01
-2.175261e-01 1.248246e-01
-2.462591e-01 1.208232e-01
-2.728447e-01 1.119676e-01
-2.974199e-01 9.844924e-02
-3.210273e-01 8.073540e-02
-3.448434e-01 5.920328e-02
-3.686984e-01 3.361159e-02
-3.916175e-01 3.413407e-03
-4.123379e-01 -3.200150e-02
-4.301547e-01 -7.303689e-02
-4.444399e-01 -1.201233e-01
-4.540410e-01 -1.737739e-01
-4.580784e-01 -2.339076e-01
-4.565527e-01 -2.992788e-01
-4.491126e-01 -3.676524e-01
-4.368617e-01 -4.370390e-01
-4.193443e-01 -5.060889e-01
-3.948644e-01 -5.729519e-01
-3.604692e-01 -6.374069e-01
-3.160229e-01 -6.983879e-01
-2.621192e-01 -7.538567e-01
-1.982618e-01 -8.020719e-01
-1.252216e-01 -8.416634e-01
-4.599010e-02 -8.713462e-01
3.759839e-02 -8.912083e-01
1.238278e-01 -9.013467e-01
2.110237e-01 -9.016819e-01
2.982827e-01 -8.921878e-01
3.850404e-01 -8.731716e-01
4.708417e-01 -8.450742e-01
5.547245e-01 -8.076912e-01
6.332469e-01 -7.596990e-01
6.996045e-01 -7.010171e-01
7.552040e-01 -6.409397e-01
8.015910e-01 -5.822556e-01
8.415771e-01 -5.233144e-01
8.777903e-01 -4.606792e-01
9.119892e-01 -3.895513e-01
9.443337e-01 -3.042380e-01
9.713261e-01 -2.043637e-01
9.879777e-01 -9.985623e-02
9.933566e-01 3.396630e-03
9.880881e-01 1.049875e-01
9.724221e-01 2.054148e-01
9.460521e-01 3.051933e-01
9.089018e-01 4.028774e-01
8.609281e-01 4.973609e-01
8.031024e-01 5.862083e-01
7.363920e-01 6.680453e-01
6.620252e-01 7.417017e-01
5.801684e-01 8.071771e-01
4.910802e-01 8.640490e-01
3.972001e-01 9.107521e-01
2.982410e-01 9.474567e-01
1.972877e-01 9.734243e-01
9.849202e-02 9.886414e-01
4.381493e-03 9.940525e-01
-8.508078e-02 9.910784e-01
-1.699274e-01 9.801450e-01
-2.501792e-01 9.625841e-01
-3.270622e-01 9.390672e-01
-4.024509e-01 9.091705e-01
-4.783693e-01 8.727177e-01
-5.541806e-01 8.289561e-01
-6.277073e-01 7.761140e-01
-6.953918e-01 7.161015e-01
-7.544973e-01 6.535341e-01
-8.043268e-01 5.911288e-01
-8.470711e-01 5.280600e-01
-8.847859e-01 4.620957e-01
-9.188061e-01 3.900969e-01
-9.494594e-01 3.080723e-01
-9.745311e-01 2.160376e-01
-9.909900e-01 1.196821e-01
-9.979587e-01 2.156932e-02
-9.950913e-01 -7.862435e-02
-9.819242e-01 -1.794853e-01
-9.584750e-01 -2.787788e-01
-9.247126e-01 -3.758995e-01
-8.801687e-01 -4.708486e-01
-8.264454e-01 -5.598082e-01
-7.652239e-01 -6.409612e-01
-6.978608e-01 -7.140026e-01
-6.240435e-01 -7.801638e-01
-5.437846e-01 -8.382062e-01
-4.569275e-01 -8.887058e-01
-3.662145e-01 -9.302538e-01
-2.710934e-01 -9.628306e-01
-1.714309e-01 -9.864343e-01
-7.092331e-02 -9.987578e-01
2.743312e-02 -1.000955e+00
1.228396e-01 -9.938300e-01
2.141321e-01 -9.782954e-01
3.010344e-01 -9.552173e-01
3.852897e-01 -9.245324e-01
4.671929e-01 -8.860450e-01
5.461595e-01 -8.397418e-01
6.208947e-01 -7.861399e-01
6.885868e-01 -7.266185e-01
7.415636e-01 -6.608941e-01
7.904841e-01 -6.017526e-01
8.320754e-01 -5.431203e-01
8.692185e-01 -4.818832e-01
9.039161e-01 -4.137384e-01
9.370059e-01 -3.329228e-01
9.662073e-01 -2.364291e-01
9.862338e-01 -1.319411e-01
9.948906e-01 -2.788050e-02
9.927135e-01 7.437443e-02
9.801221e-01 1.752645e-01
9.569501e-01 2.754562e-01
9.229557e-01 3.741435e-01
8.782420e-01 4.697344e-01
8.231178e-01 5.607961e-01
7.589786e-01 6.449419e-01
6.867696e-01 7.212878e-01
6.071807e-01 7.893519e-01
5.199100e-01 8.492294e-01
4.274113e-01 8.991594e-01
3.298515e-01 9.391246e-01
2.289875e-01 9.684523e-01
1.290439e-01 9.867890e-01
3.337883e-02 9.948406e-01
-5.752134e-02 9.942206e-01
-1.438022e-01 9.855940e-01
-2.253994e-01 9.700253e-01
-3.031316e-01 9.484655e-01
-3.786923e-01 9.207859e-01
-4.542471e-01 8.862854e-01
-5.301558e-01 8.449882e-01
-6.046289e-01 7.949951e-01
-6.739841e-01 7.361725e-01
-7.361391e-01 6.740220e-01
-7.888612e-01 6.114789e-01
-8.336344e-01 5.488752e-01
-8.728412e-01 4.841080e-01
-9.079401e-01 4.145586e-01
-9.397944e-01 3.361581e-01
-9.670873e-01 2.468995e-01
-9.865513e-01 1.514447e-01
-9.966533e-01 5.388154e-02
-9.970671e-01 -4.560710e-02
-9.872967e-01 -1.465258e-01
-9.671957e-01 -2.464932e-01
-9.368655e-01 -3.442547e-01
-8.957888e-01 -4.402186e-01
-8.448765e-01 -5.314279e-01
-7.858815e-01 -6.153242e-01
-7.205302e-01 -6.907038e-01
-6.488212e-01 -7.592527e-01
-5.709012e-01 -8.200063e-01
-4.858729e-01 -8.730944e-01
-3.963497e-01 -9.176060e-01
-3.027631e-01 -9.530795e-01
-2.044050e-01 -9.796771e-01
-1.036201e-01 -9.954345e-01
-4.559159e-03 -1.000847e+00
9.190299e-02 -9.966754e-01
1.845860e-01 -9.837849e-01
2.727693e-01 -9.631186e-01
3.577163e-01 -9.349499e-01
4.404050e-01 -8.990118e-01
5.204296e-01 -8.552227e-01
5.966625e-01 -8.039271e-01
6.673679e-01 -7.462186e-01
7.259570e-01 -6.826512e-01
7.778603e-01 -6.229630e-01
8.214737e-01 -5.643617e-01
8.598132e-01 -5.042362e-01
8.951506e-01 -4.387282e-01
9.288321e-01 -3.623987e-01
9.598199e-01 -2.704326e-01
9.833078e-01 -1.668060e-01
9.955730e-01 -6.192589e-02
9.967663e-01 4.112342e-02
9.874641e-01 1.426146e-01
9.676986e-01 2.431766e-01
9.371265e-01 3.427607e-01
8.958635e-01 4.395433e-01
8.438379e-01 5.326806e-01
7.825639e-01 6.192002e-01
7.127317e-01 6.984230e-01
6.354845e-01 7.693307e-01
5.505369e-01 8.321707e-01
4.594494e-01 8.856356e-01
3.635933e-01 9.290012e-01
2.633374e-01 9.621187e-01
1.625850e-01 9.840680e-01
6.523783e-02 9.952232e-01
-2.724940e-02 9.971352e-01
-1.150649e-01 9.909784e-01
-1.982105e-01 9.776453e-01
-2.770358e-01 9.582021e-01
-3.530514e-01 9.327959e-01
-4.283063e-01 9.006675e-01
-5.040328e-01 8.616856e-01
