x y
-1.000000e-01 1.000000e-01
-1.239875e-01 1.052213e-01
-1.493579e-01 1.075459e-01
-1.751451e-01 1.063974e-01
-2.002326e-01 1.013539e-01
-2.237458e-01 9.224949e-02
-2.456640e-01 7.916237e-02
-2.665130e-01 6.224612e-02
-2.867843e-01 4.159940e-02
-3.064924e-01 1.713760e-02
-3.252156e-01 -1.131521e-02
-3.422523e-01 -4.394750e-02
-3.566382e-01 -8.111228e-02
-3.672109e-01 -1.233475e-01
-3.725738e-01 -1.713868e-01
-3.723056e-01 -2.253300e-01
-3.682187e-01 -2.833788e-01
-3.616124e-01 -3.439464e-01
-3.514338e-01 -4.058519e-01
-3.355453e-01 -4.680644e-01
-3.119813e-01 -5.294366e-01
-2.782937e-01 -5.898001e-01
-2.325347e-01 -6.485294e-01
-1.752334e-01 -7.031732e-01
-1.084491e-01 -7.512698e-01
-3.477621e-02 -7.907990e-01
4.398789e-02 -8.205856e-01
1.261719e-01 -8.397623e-01
2.102544e-01 -8.474528e-01
2.954263e-01 -8.431635e-01
3.818576e-01 -8.267912e-01
4.699469e-01 -7.983079e-01
5.573670e-01 -7.591655e-01
6.356670e-01 -7.112611e-01
6.941558e-01 -6.549495e-01
7.273331e-01 -5.918665e-01
7.369729e-01 -5.246394e-01
7.281436e-01 -4.551473e-01
7.072230e-01 -3.848690e-01
6.813286e-01 -3.148869e-01
6.576071e-01 -2.461689e-01
6.417611e-01 -1.795585e-01
6.371907e-01 -1.153227e-01
6.423348e-01 -5.241784e-02
6.510927e-01 1.158307e-02
6.586507e-01 7.842300e-02
6.609562e-01 1.493812e-01
6.557004e-01 2.243018e-01
6.417409e-01 3.020566e-01
6.182848e-01 3.814830e-01
5.846303e-01 4.610195e-01
5.427402e-01 5.376889e-01
4.933568e-01 6.105269e-01
4.354171e-01 6.783208e-01
3.707381e-01 7.387124e-01
2.991706e-01 7.909966e-01
2.189898e-01 8.352008e-01
1.333504e-01 8.697917e-01
4.635399e-02 8.935373e-01
-3.895079e-02 9.060713e-01
-1.216526e-01 9.077518e-01
-2.028293e-01 8.997202e-01
-2.836518e-01 8.834690e-01
-3.654489e-01 8.600352e-01
-4.492752e-01 8.290120e-01
-5.340596e-01 7.895351e-01
-6.149639e-01 7.409120e-01
-6.837699e-01 6.828746e-01
-7.325926e-01 6.162738e-01
-7.574455e-01 5.425925e-01
-7.600770e-01 4.638290e-01
-7.455068e-01 3.826548e-01
-7.214049e-01 3.027590e-01
-6.985649e-01 2.272181e-01
-6.851653e-01 1.569350e-01
-6.834095e-01 8.987921e-02
-6.890619e-01 2.311796e-02
-6.973763e-01 -4.515432e-02
-7.041615e-01 -1.157696e-01
-7.064579e-01 -1.887156e-01
-7.016379e-01 -2.639635e-01
-6.879984e-01 -3.419428e-01
-6.655636e-01 -4.211240e-01
-6.380772e-01 -4.967556e-01
-6.069505e-01 -5.671545e-01
-5.699030e-01 -6.335751e-01
-5.222409e-01 -6.975441e-01
-4.629658e-01 -7.578117e-01
-3.931140e-01 -8.126755e-01
-3.141188e-01 -8.610681e-01
-2.287113e-01 -9.016244e-01
-1.399654e-01 -9.333604e-01
-4.869409e-02 -9.562647e-01
4.424035e-02 -9.701898e-01
1.372336e-01 -9.746035e-01
2.283340e-01 -9.683364e-01
3.165230e-01 -9.504639e-01
4.013147e-01 -9.208531e-01
4.855654e-01 -8.804839e-01
5.702801e-01 -8.307654e-01
6.488444e-01 -7.741251e-01
7.104869e-01 -7.109326e-01
7.473375e-01 -6.420174e-01
7.595975e-01 -5.698948e-01
7.521524e-01 -4.966962e-01
7.311187e-01 -4.234934e-01
7.031488e-01 -3.512017e-01
6.752280e-01 -2.803430e-01
6.536833e-01 -2.117385e-01
6.427242e-01 -1.457353e-01
6.435355e-01 -8.204291e-02
6.509194e-01 -1.845118e-02
6.592399e-01 4.719738e-02
6.641268e-01 1.163899e-01
6.621869e-01 1.898961e-01
6.520726e-01 2.666835e-01
6.327780e-01 3.456708e-01
6.034113e-01 4.256833e-01
5.647221e-01 5.040385e-01
5.185599e-01 5.787759e-01
4.644367e-01 6.491109e-01
4.022350e-01 7.131770e-01
3.340219e-01 7.690701e-01
2.576020e-01 8.170045e-01
1.737660e-01 8.561585e-01
8.688758e-02 8.849024e-01
4.803166e-04 9.025025e-01
-8.339759e-02 9.090426e-01
-1.650839e-01 9.052221e-01
-2.458857e-01 8.925375e-01
-3.270302e-01 8.723071e-01
-4.097897e-01 8.449151e-01
-4.944192e-01 8.094040e-01
-5.780262e-01 7.651470e-01
-6.535975e-01 7.114452e-01
-7.126077e-01 6.486919e-01
-7.488739e-01 5.781058e-01
-7.613350e-01 5.014034e-01
-7.542108e-01 4.209796e-01
-7.332637e-01 3.399886e-01
-7.085695e-01 2.621212e-01
-6.899728e-01 1.894413e-01
-6.830303e-01 1.212568e-01
-6.857994e-01 5.464736e-02
-6.934323e-01 -1.275112e-02
-7.013923e-01 -8.222796e-02
-7.061091e-01 -1.541001e-01
-7.049405e-01 -2.282319e-01
-6.956013e-01 -3.049065e-01
-6.770239e-01 -3.839877e-01
-6.514646e-01 -4.618164e-01
-6.221238e-01 -5.346243e-01
-5.884433e-01 -6.026586e-01
-5.461483e-01 -6.677593e-01
-4.922246e-01 -7.300656e-01
-4.272716e-01 -7.875631e-01
-3.523418e-01 -8.391737e-01
-2.694720e-01 -8.836004e-01
-1.820959e-01 -9.195266e-01
-9.190046e-02 -9.465929e-01
2.949238e-04 -9.647467e-01
9.363106e-02 -9.737905e-01
1.857129e-01 -9.726798e-01
2.754719e-01 -9.603702e-01
3.616869e-01 -9.361886e-01
4.457290e-01 -9.007856e-01
5.306104e-01 -8.551372e-01
6.132655e-01 -8.015693e-01
6.842161e-01 -7.414862e-01
7.332373e-01 -6.750317e-01
7.566323e-01 -6.040745e-01
7.577313e-01 -5.312129e-01
7.423024e-01 -4.578951e-01
7.167321e-01 -3.850918e-01
6.879338e-01 -3.134735e-01
6.627145e-01 -2.437251e-01
6.463759e-01 -1.764793e-01
6.419033e-01 -1.118484e-01
6.470261e-01 -4.853989e-02
6.554931e-01 1.592768e-02
6.625125e-01 8.328620e-02
6.640524e-01 1.547939e-01
6.579403e-01 2.301666e-01
6.430354e-01 3.082887e-01
6.185580e-01 3.879833e-01
5.839304e-01 4.675514e-01
5.412283e-01 5.440534e-01
4.910414e-01 6.166258e-01
4.323145e-01 6.839772e-01
3.670605e-01 7.437447e-01
2.947615e-01 7.954133e-01
2.139213e-01 8.389356e-01
1.279792e-01 8.727237e-01
4.095398e-02 8.956223e-01
-4.420791e-02 9.073260e-01
-1.267583e-01 9.082285e-01
-2.078504e-01 8.995340e-01
-2.886547e-01 8.827223e-01
-3.705090e-01 8.587767e-01
-4.544185e-01 8.271997e-01
